Format Version,1.23,Take Name,Take 2021-10-01 03.07.33 PM,Take Notes,,Capture Frame Rate,120.000000,Export Frame Rate,120.000000,Capture Start Time,2021-10-01 03.07.34.523 DU.,Total Frames in Take,413,Total Exported Frames,413,Rotation Type,Quaternion,Length Units,Meters,Coordinate Space,Global

,Type,Rigid Body,Rigid Body,Rigid Body,Rigid Body,Rigid Body,Rigid Body,Rigid Body,Rigid Body,Rigid Body Marker,Rigid Body Marker,Rigid Body Marker,Rigid Body Marker,Rigid Body Marker,Rigid Body Marker,Rigid Body Marker,Rigid Body Marker,Rigid Body Marker,Rigid Body Marker,Rigid Body Marker,Rigid Body Marker,Rigid Body Marker,Rigid Body Marker,Rigid Body Marker,Rigid Body Marker,Rigid Body,Rigid Body,Rigid Body,Rigid Body,Rigid Body,Rigid Body,Rigid Body,Rigid Body,Rigid Body Marker,Rigid Body Marker,Rigid Body Marker,Rigid Body Marker,Rigid Body Marker,Rigid Body Marker,Rigid Body Marker,Rigid Body Marker,Rigid Body Marker,Rigid Body Marker,Rigid Body Marker,Rigid Body Marker,Rigid Body Marker,Rigid Body Marker,Rigid Body Marker,Rigid Body Marker,Rigid Body,Rigid Body,Rigid Body,Rigid Body,Rigid Body,Rigid Body,Rigid Body,Rigid Body,Rigid Body Marker,Rigid Body Marker,Rigid Body Marker,Rigid Body Marker,Rigid Body Marker,Rigid Body Marker,Rigid Body Marker,Rigid Body Marker,Rigid Body Marker,Rigid Body Marker,Rigid Body Marker,Rigid Body Marker,Rigid Body Marker,Rigid Body Marker,Rigid Body Marker,Rigid Body Marker,Marker,Marker,Marker,Marker,Marker,Marker,Marker,Marker,Marker,Marker,Marker,Marker,Marker,Marker,Marker,Marker,Marker,Marker,Marker,Marker,Marker,Marker,Marker,Marker,Marker,Marker,Marker,Marker,Marker,Marker,Marker,Marker,Marker,Marker,Marker,Marker
,Name,obst1,obst1,obst1,obst1,obst1,obst1,obst1,obst1,"obst1:Marker1","obst1:Marker1","obst1:Marker1","obst1:Marker1","obst1:Marker2","obst1:Marker2","obst1:Marker2","obst1:Marker2","obst1:Marker3","obst1:Marker3","obst1:Marker3","obst1:Marker3","obst1:Marker4","obst1:Marker4","obst1:Marker4","obst1:Marker4",obst2,obst2,obst2,obst2,obst2,obst2,obst2,obst2,"obst2:Marker1","obst2:Marker1","obst2:Marker1","obst2:Marker1","obst2:Marker2","obst2:Marker2","obst2:Marker2","obst2:Marker2","obst2:Marker3","obst2:Marker3","obst2:Marker3","obst2:Marker3","obst2:Marker4","obst2:Marker4","obst2:Marker4","obst2:Marker4",obst0,obst0,obst0,obst0,obst0,obst0,obst0,obst0,"obst0:Marker1","obst0:Marker1","obst0:Marker1","obst0:Marker1","obst0:Marker2","obst0:Marker2","obst0:Marker2","obst0:Marker2","obst0:Marker3","obst0:Marker3","obst0:Marker3","obst0:Marker3","obst0:Marker4","obst0:Marker4","obst0:Marker4","obst0:Marker4",obst0:Marker1,obst0:Marker1,obst0:Marker1,obst0:Marker2,obst0:Marker2,obst0:Marker2,obst0:Marker3,obst0:Marker3,obst0:Marker3,obst0:Marker4,obst0:Marker4,obst0:Marker4,obst1:Marker1,obst1:Marker1,obst1:Marker1,obst1:Marker2,obst1:Marker2,obst1:Marker2,obst1:Marker3,obst1:Marker3,obst1:Marker3,obst1:Marker4,obst1:Marker4,obst1:Marker4,obst2:Marker1,obst2:Marker1,obst2:Marker1,obst2:Marker2,obst2:Marker2,obst2:Marker2,obst2:Marker3,obst2:Marker3,obst2:Marker3,obst2:Marker4,obst2:Marker4,obst2:Marker4
,ID,"4B808EDBDFEC11EBC2E1E3211B0095AC","4B808EDBDFEC11EBC2E1E3211B0095AC","4B808EDBDFEC11EBC2E1E3211B0095AC","4B808EDBDFEC11EBC2E1E3211B0095AC","4B808EDBDFEC11EBC2E1E3211B0095AC","4B808EDBDFEC11EBC2E1E3211B0095AC","4B808EDBDFEC11EBC2E1E3211B0095AC","4B808EDBDFEC11EBC2E1E3211B0095AC","4B808EDBDFEC11EBC2E1E3211B0095AC","4B808EDBDFEC11EBC2E1E3211B0095AC","4B808EDBDFEC11EBC2E1E3211B0095AC","4B808EDBDFEC11EBC2E1E3211B0095AC","4B808EDBDFEC11EBC2E1E3211B0095AC","4B808EDBDFEC11EBC2E1E3211B0095AC","4B808EDBDFEC11EBC2E1E3211B0095AC","4B808EDBDFEC11EBC2E1E3211B0095AC","4B808EDBDFEC11EBC2E1E3211B0095AC","4B808EDBDFEC11EBC2E1E3211B0095AC","4B808EDBDFEC11EBC2E1E3211B0095AC","4B808EDBDFEC11EBC2E1E3211B0095AC","4B808EDBDFEC11EBC2E1E3211B0095AC","4B808EDBDFEC11EBC2E1E3211B0095AC","4B808EDBDFEC11EBC2E1E3211B0095AC","4B808EDBDFEC11EBC2E1E3211B0095AC","6030A4B5DFEC11EBC2E1E3211B0095AC","6030A4B5DFEC11EBC2E1E3211B0095AC","6030A4B5DFEC11EBC2E1E3211B0095AC","6030A4B5DFEC11EBC2E1E3211B0095AC","6030A4B5DFEC11EBC2E1E3211B0095AC","6030A4B5DFEC11EBC2E1E3211B0095AC","6030A4B5DFEC11EBC2E1E3211B0095AC","6030A4B5DFEC11EBC2E1E3211B0095AC","6030A4B5DFEC11EBC2E1E3211B0095AC","6030A4B5DFEC11EBC2E1E3211B0095AC","6030A4B5DFEC11EBC2E1E3211B0095AC","6030A4B5DFEC11EBC2E1E3211B0095AC","6030A4B5DFEC11EBC2E1E3211B0095AC","6030A4B5DFEC11EBC2E1E3211B0095AC","6030A4B5DFEC11EBC2E1E3211B0095AC","6030A4B5DFEC11EBC2E1E3211B0095AC","6030A4B5DFEC11EBC2E1E3211B0095AC","6030A4B5DFEC11EBC2E1E3211B0095AC","6030A4B5DFEC11EBC2E1E3211B0095AC","6030A4B5DFEC11EBC2E1E3211B0095AC","6030A4B5DFEC11EBC2E1E3211B0095AC","6030A4B5DFEC11EBC2E1E3211B0095AC","6030A4B5DFEC11EBC2E1E3211B0095AC","6030A4B5DFEC11EBC2E1E3211B0095AC","764CF9EDFF511EBC2E1E3211B0095AC","764CF9EDFF511EBC2E1E3211B0095AC","764CF9EDFF511EBC2E1E3211B0095AC","764CF9EDFF511EBC2E1E3211B0095AC","764CF9EDFF511EBC2E1E3211B0095AC","764CF9EDFF511EBC2E1E3211B0095AC","764CF9EDFF511EBC2E1E3211B0095AC","764CF9EDFF511EBC2E1E3211B0095AC","764CF9EDFF511EBC2E1E3211B0095AC","764CF9EDFF511EBC2E1E3211B0095AC","764CF9EDFF511EBC2E1E3211B0095AC","764CF9EDFF511EBC2E1E3211B0095AC","764CF9EDFF511EBC2E1E3211B0095AC","764CF9EDFF511EBC2E1E3211B0095AC","764CF9EDFF511EBC2E1E3211B0095AC","764CF9EDFF511EBC2E1E3211B0095AC","764CF9EDFF511EBC2E1E3211B0095AC","764CF9EDFF511EBC2E1E3211B0095AC","764CF9EDFF511EBC2E1E3211B0095AC","764CF9EDFF511EBC2E1E3211B0095AC","764CF9EDFF511EBC2E1E3211B0095AC","764CF9EDFF511EBC2E1E3211B0095AC","764CF9EDFF511EBC2E1E3211B0095AC","764CF9EDFF511EBC2E1E3211B0095AC","DA210","DA210","DA210","DA1E0","DA1E0","DA1E0","DA1F0","DA1F0","DA1F0","DA200","DA200","DA200","DA260","DA260","DA260","DA290","DA290","DA290","DA280","DA280","DA280","DA270","DA270","DA270","DA220","DA220","DA220","DA240","DA240","DA240","DA230","DA230","DA230","DA250","DA250","DA250"
,,Rotation,Rotation,Rotation,Rotation,Position,Position,Position,Mean Marker Error,Position,Position,Position,Marker Quality,Position,Position,Position,Marker Quality,Position,Position,Position,Marker Quality,Position,Position,Position,Marker Quality,Rotation,Rotation,Rotation,Rotation,Position,Position,Position,Mean Marker Error,Position,Position,Position,Marker Quality,Position,Position,Position,Marker Quality,Position,Position,Position,Marker Quality,Position,Position,Position,Marker Quality,Rotation,Rotation,Rotation,Rotation,Position,Position,Position,Mean Marker Error,Position,Position,Position,Marker Quality,Position,Position,Position,Marker Quality,Position,Position,Position,Marker Quality,Position,Position,Position,Marker Quality,Position,Position,Position,Position,Position,Position,Position,Position,Position,Position,Position,Position,Position,Position,Position,Position,Position,Position,Position,Position,Position,Position,Position,Position,Position,Position,Position,Position,Position,Position,Position,Position,Position,Position,Position,Position
Frame,Time (Seconds),X,Y,Z,W,X,Y,Z,,X,Y,Z,,X,Y,Z,,X,Y,Z,,X,Y,Z,,X,Y,Z,W,X,Y,Z,,X,Y,Z,,X,Y,Z,,X,Y,Z,,X,Y,Z,,X,Y,Z,W,X,Y,Z,,X,Y,Z,,X,Y,Z,,X,Y,Z,,X,Y,Z,,X,Y,Z,X,Y,Z,X,Y,Z,X,Y,Z,X,Y,Z,X,Y,Z,X,Y,Z,X,Y,Z,X,Y,Z,X,Y,Z,X,Y,Z,X,Y,Z
0,0.000000,-0.022723,-0.000064,-0.039931,-0.998944,-0.220713,1.234406,-0.425395,0.000264,-0.191916,1.234520,-0.418584,0.943937,-0.239568,1.234844,-0.445733,0.944544,-0.234822,1.233769,-0.400135,0.947616,-0.216544,1.234491,-0.437127,0.937263,-0.033407,-0.603331,-0.008254,-0.796749,-0.006737,1.227504,0.131669,0.000251,0.020230,1.229179,0.154289,0.942279,-0.027724,1.225273,0.147684,0.954379,0.007620,1.229667,0.116690,0.955087,-0.027073,1.225898,0.108014,0.980707,-0.010556,-0.709928,-0.031184,-0.703505,0.480264,0.636332,-0.034471,0.000351,0.462200,0.634991,-0.052674,0.909066,0.504540,0.637608,-0.052316,0.953842,0.491350,0.636847,-0.003599,0.910312,0.462964,0.635881,-0.029295,0.940181,0.462307,0.635169,-0.052376,0.504491,0.637543,-0.052150,0.491285,0.636939,-0.003939,0.462972,0.635677,-0.029419,-0.192106,1.234402,-0.418597,-0.239447,1.234697,-0.445620,-0.234696,1.233798,-0.400300,-0.216601,1.234727,-0.437063,0.020066,1.229155,0.154128,-0.027561,1.225303,0.147607,0.007580,1.229677,0.116865,-0.027032,1.225881,0.108077
1,0.008333,-0.022861,0.000018,-0.040064,-0.998936,-0.220703,1.234419,-0.425394,0.000268,-0.191908,1.234538,-0.418578,0.941567,-0.239556,1.234857,-0.445735,0.943813,-0.234816,1.233771,-0.400136,0.948623,-0.216533,1.234508,-0.437125,0.936731,-0.033347,-0.603359,-0.008019,-0.796732,-0.006734,1.227509,0.131665,0.000246,0.020234,1.229184,0.154282,0.942016,-0.027721,1.225290,0.147682,0.953749,0.007622,1.229662,0.116683,0.954628,-0.027073,1.225900,0.108012,0.982824,-0.010615,-0.710042,-0.031230,-0.703386,0.480267,0.636328,-0.034471,0.000351,0.462197,0.634990,-0.052668,0.911354,0.504538,0.637607,-0.052323,0.953458,0.491363,0.636838,-0.003602,0.911877,0.462969,0.635877,-0.029289,0.940682,0.462289,0.635161,-0.052371,0.504488,0.637544,-0.052155,0.491296,0.636927,-0.003937,0.462994,0.635680,-0.029420,-0.192107,1.234418,-0.418599,-0.239434,1.234708,-0.445619,-0.234694,1.233800,-0.400298,-0.216578,1.234748,-0.437057,0.020068,1.229152,0.154123,-0.027553,1.225328,0.147614,0.007582,1.229683,0.116859,-0.027035,1.225873,0.108062
2,0.016667,-0.022647,0.000046,-0.040063,-0.998941,-0.220699,1.234409,-0.425395,0.000269,-0.191904,1.234531,-0.418577,0.941567,-0.239550,1.234839,-0.445738,0.943813,-0.234814,1.233772,-0.400138,0.948623,-0.216528,1.234493,-0.437126,0.936731,-0.033414,-0.603390,-0.008020,-0.796706,-0.006726,1.227521,0.131665,0.000250,0.020245,1.229192,0.154280,0.942016,-0.027711,1.225302,0.147683,0.953749,0.007630,1.229674,0.116682,0.954628,-0.027066,1.225917,0.108013,0.982824,-0.010629,-0.709911,-0.031313,-0.703515,0.480267,0.636339,-0.034475,0.000360,0.462204,0.635002,-0.052679,0.911354,0.504544,0.637623,-0.052318,0.953458,0.491352,0.636846,-0.003602,0.911877,0.462967,0.635886,-0.029300,0.940682,0.462304,0.635180,-0.052375,0.504492,0.637558,-0.052151,0.491280,0.636938,-0.003945,0.462990,0.635682,-0.029429,-0.192104,1.234414,-0.418603,-0.239424,1.234693,-0.445615,-0.234699,1.233801,-0.400299,-0.216571,1.234729,-0.437062,0.020085,1.229165,0.154126,-0.027546,1.225335,0.147605,0.007582,1.229689,0.116855,-0.027024,1.225896,0.108073
3,0.025000,-0.022995,-0.000071,-0.040237,-0.998926,-0.220698,1.234398,-0.425390,0.000270,-0.191902,1.234526,-0.418580,0.939541,-0.239555,1.234835,-0.445728,0.946153,-0.234807,1.233739,-0.400130,0.947431,-0.216530,1.234492,-0.437122,0.939717,-0.033690,-0.603168,-0.009001,-0.796852,-0.006713,1.227538,0.131676,0.000249,0.020243,1.229204,0.154310,0.934645,-0.027705,1.225267,0.147679,0.957205,0.007649,1.229732,0.116706,0.950630,-0.027038,1.225946,0.108010,0.978380,-0.010814,-0.710006,-0.031220,-0.703420,0.480261,0.636329,-0.034468,0.000361,0.462192,0.635001,-0.052667,0.908810,0.504534,0.637605,-0.052318,0.951669,0.491355,0.636828,-0.003598,0.908683,0.462963,0.635882,-0.029289,0.939254,0.462300,0.635183,-0.052370,0.504476,0.637538,-0.052146,0.491287,0.636922,-0.003945,0.462980,0.635673,-0.029411,-0.192115,1.234412,-0.418592,-0.239430,1.234694,-0.445624,-0.234667,1.233767,-0.400285,-0.216581,1.234719,-0.437059,0.020063,1.229144,0.154129,-0.027556,1.225326,0.147619,0.007678,1.229798,0.116889,-0.027036,1.225881,0.108066
4,0.033333,-0.023064,-0.000115,-0.040263,-0.998923,-0.220704,1.234395,-0.425393,0.000266,-0.191907,1.234523,-0.418585,0.939541,-0.239563,1.234834,-0.445729,0.946153,-0.234810,1.233732,-0.400132,0.947431,-0.216537,1.234491,-0.437125,0.939717,-0.033602,-0.603155,-0.009055,-0.796864,-0.006710,1.227532,0.131679,0.000252,0.020244,1.229205,0.154314,0.934645,-0.027702,1.225259,0.147681,0.957205,0.007652,1.229728,0.116710,0.950630,-0.027033,1.225935,0.108013,0.978380,-0.010875,-0.709939,-0.031124,-0.703491,0.480275,0.636336,-0.034472,0.000364,0.462210,0.635011,-0.052674,0.908810,0.504552,0.637606,-0.052317,0.951669,0.491363,0.636834,-0.003600,0.908683,0.462976,0.635893,-0.029295,0.939254,0.462318,0.635185,-0.052377,0.504490,0.637542,-0.052144,0.491296,0.636923,-0.003946,0.462996,0.635695,-0.029419,-0.192108,1.234412,-0.418603,-0.239437,1.234696,-0.445628,-0.234678,1.233759,-0.400287,-0.216593,1.234712,-0.437054,0.020061,1.229141,0.154128,-0.027558,1.225320,0.147624,0.007692,1.229800,0.116893,-0.027035,1.225865,0.108072
5,0.041667,-0.022927,-0.000097,-0.040185,-0.998929,-0.220701,1.234396,-0.425393,0.000271,-0.191904,1.234521,-0.418585,0.940815,-0.239558,1.234832,-0.445730,0.945112,-0.234808,1.233741,-0.400133,0.948755,-0.216533,1.234487,-0.437126,0.938387,-0.033559,-0.603335,-0.008091,-0.796741,-0.006739,1.227500,0.131665,0.000241,0.020229,1.229161,0.154284,0.942903,-0.027727,1.225277,0.147680,0.954958,0.007619,1.229656,0.116685,0.956777,-0.027076,1.225904,0.108010,0.982374,-0.010887,-0.709968,-0.031342,-0.703452,0.480269,0.636339,-0.034475,0.000350,0.462202,0.635015,-0.052677,0.910308,0.504543,0.637622,-0.052323,0.953328,0.491360,0.636830,-0.003604,0.912393,0.462970,0.635889,-0.029298,0.940163,0.462309,0.635192,-0.052384,0.504486,0.637557,-0.052158,0.491297,0.636921,-0.003937,0.462983,0.635686,-0.029424,-0.192111,1.234407,-0.418602,-0.239422,1.234691,-0.445632,-0.234671,1.233769,-0.400283,-0.216600,1.234714,-0.437056,0.020064,1.229132,0.154129,-0.027564,1.225311,0.147611,0.007584,1.229675,0.116854,-0.027040,1.225881,0.108066
6,0.050000,-0.022869,0.000026,-0.040143,-0.998932,-0.220692,1.234411,-0.425398,0.000266,-0.191897,1.234535,-0.418582,0.940815,-0.239544,1.234847,-0.445740,0.945112,-0.234806,1.233760,-0.400141,0.948755,-0.216521,1.234501,-0.437129,0.938387,-0.033742,-0.603148,-0.009080,-0.796864,-0.006700,1.227537,0.131666,0.000257,0.020254,1.229201,0.154302,0.942903,-0.027693,1.225262,0.147668,0.954958,0.007662,1.229735,0.116697,0.956777,-0.027023,1.225949,0.107999,0.982374,-0.010607,-0.709982,-0.031345,-0.703442,0.480269,0.636330,-0.034478,0.000350,0.462202,0.634991,-0.052678,0.910308,0.504543,0.637616,-0.052326,0.953328,0.491360,0.636837,-0.003607,0.912393,0.462970,0.635875,-0.029300,0.940163,0.462312,0.635172,-0.052379,0.504492,0.637549,-0.052160,0.491299,0.636931,-0.003947,0.462972,0.635667,-0.029426,-0.192101,1.234415,-0.418597,-0.239424,1.234698,-0.445620,-0.234682,1.233790,-0.400300,-0.216562,1.234741,-0.437076,0.020078,1.229146,0.154114,-0.027545,1.225318,0.147597,0.007694,1.229795,0.116893,-0.027027,1.225888,0.108060
7,0.058333,-0.023166,0.000058,-0.040223,-0.998922,-0.220687,1.234411,-0.425389,0.000260,-0.191892,1.234535,-0.418572,0.941582,-0.239538,1.234856,-0.445731,0.946948,-0.234801,1.233743,-0.400133,0.950319,-0.216515,1.234509,-0.437120,0.941438,-0.033435,-0.603379,-0.007995,-0.796713,-0.006726,1.227520,0.131665,0.000247,0.020244,1.229188,0.154280,0.943334,-0.027712,1.225302,0.147683,0.956292,0.007630,1.229672,0.116683,0.956249,-0.027066,1.225916,0.108013,0.980628,-0.010761,-0.709970,-0.031278,-0.703455,0.480265,0.636338,-0.034476,0.000357,0.462199,0.635007,-0.052677,0.909948,0.504540,0.637618,-0.052323,0.953270,0.491356,0.636838,-0.003605,0.910154,0.462966,0.635888,-0.029298,0.941750,0.462312,0.635183,-0.052384,0.504480,0.637553,-0.052159,0.491286,0.636928,-0.003946,0.462982,0.635687,-0.029415,-0.192096,1.234423,-0.418587,-0.239418,1.234717,-0.445625,-0.234673,1.233771,-0.400282,-0.216559,1.234731,-0.437063,0.020084,1.229167,0.154122,-0.027555,1.225330,0.147611,0.007588,1.229680,0.116852,-0.027020,1.225903,0.108074
8,0.066667,-0.023100,-0.000229,-0.040384,-0.998917,-0.220696,1.234405,-0.425392,0.000263,-0.191898,1.234540,-0.418591,0.941582,-0.239559,1.234841,-0.445724,0.946948,-0.234797,1.233736,-0.400128,0.950319,-0.216532,1.234502,-0.437125,0.941438,-0.033466,-0.603289,-0.008147,-0.796779,-0.006741,1.227505,0.131663,0.000240,0.020224,1.229174,0.154286,0.943334,-0.027731,1.225279,0.147676,0.956292,0.007618,1.229663,0.116685,0.956249,-0.027076,1.225903,0.108006,0.980628,-0.010579,-0.709918,-0.031373,-0.703505,0.480263,0.636332,-0.034484,0.000353,0.462200,0.634992,-0.052688,0.909948,0.504540,0.637620,-0.052328,0.953270,0.491349,0.636841,-0.003612,0.910154,0.462964,0.635876,-0.029309,0.941750,0.462299,0.635168,-0.052396,0.504487,0.637555,-0.052154,0.491286,0.636932,-0.003954,0.462980,0.635674,-0.029433,-0.192106,1.234420,-0.418606,-0.239444,1.234692,-0.445614,-0.234668,1.233766,-0.400283,-0.216568,1.234741,-0.437066,0.020057,1.229149,0.154126,-0.027579,1.225308,0.147607,0.007595,1.229676,0.116846,-0.027037,1.225885,0.108073
9,0.075000,-0.023132,-0.000039,-0.040227,-0.998923,-0.220687,1.234414,-0.425390,0.000267,-0.191891,1.234540,-0.418578,0.940542,-0.239542,1.234858,-0.445728,0.945283,-0.234797,1.233748,-0.400131,0.948703,-0.216518,1.234511,-0.437121,0.938441,-0.033446,-0.603322,-0.008080,-0.796755,-0.006732,1.227504,0.131666,0.000252,0.020235,1.229173,0.154286,0.941101,-0.027720,1.225282,0.147681,0.955125,0.007626,1.229659,0.116686,0.959123,-0.027068,1.225901,0.108010,0.978466,-0.010655,-0.709939,-0.031247,-0.703489,0.480270,0.636330,-0.034472,0.000357,0.462206,0.634994,-0.052675,0.911284,0.504547,0.637610,-0.052318,0.952149,0.491358,0.636837,-0.003600,0.910232,0.462971,0.635880,-0.029296,0.941052,0.462303,0.635167,-0.052380,0.504491,0.637546,-0.052146,0.491289,0.636926,-0.003941,0.462998,0.635682,-0.029421,-0.192097,1.234422,-0.418595,-0.239421,1.234712,-0.445619,-0.234667,1.233777,-0.400287,-0.216563,1.234745,-0.437057,0.020062,1.229149,0.154128,-0.027557,1.225311,0.147610,0.007588,1.229669,0.116845,-0.027019,1.225886,0.108080
10,0.083333,-0.023165,-0.000153,-0.040224,-0.998922,-0.220687,1.234412,-0.425385,0.000285,-0.191889,1.234537,-0.418580,0.940542,-0.239547,1.234857,-0.445719,0.945283,-0.234791,1.233745,-0.400123,0.948703,-0.216520,1.234510,-0.437117,0.938441,-0.033445,-0.603319,-0.008141,-0.796756,-0.006738,1.227510,0.131664,0.000240,0.020228,1.229180,0.154284,0.941101,-0.027726,1.225285,0.147678,0.955125,0.007620,1.229668,0.116684,0.959123,-0.027074,1.225907,0.108008,0.978466,-0.010695,-0.709906,-0.031200,-0.703524,0.480268,0.636338,-0.034469,0.000366,0.462205,0.635005,-0.052673,0.911284,0.504546,0.637615,-0.052312,0.952149,0.491352,0.636845,-0.003596,0.910232,0.462968,0.635890,-0.029294,0.941052,0.462318,0.635180,-0.052374,0.504477,0.637550,-0.052145,0.491281,0.636934,-0.003934,0.462994,0.635690,-0.029421,-0.192102,1.234419,-0.418604,-0.239399,1.234709,-0.445597,-0.234663,1.233774,-0.400283,-0.216583,1.234746,-0.437056,0.020066,1.229156,0.154126,-0.027567,1.225315,0.147610,0.007586,1.229679,0.116856,-0.027038,1.225889,0.108063
11,0.091667,-0.023230,-0.000039,-0.040125,-0.998925,-0.220674,1.234424,-0.425379,0.000293,-0.191878,1.234542,-0.418568,0.937652,-0.239529,1.234876,-0.445717,0.939751,-0.234783,1.233756,-0.400120,0.944829,-0.216505,1.234523,-0.437111,0.938060,-0.033541,-0.603290,-0.008104,-0.796775,-0.006725,1.227521,0.131668,0.000250,0.020240,1.229184,0.154290,0.944131,-0.027714,1.225298,0.147681,0.954268,0.007634,1.229678,0.116690,0.953855,-0.027060,1.225924,0.108011,0.981293,-0.010453,-0.709908,-0.031474,-0.703513,0.480276,0.636344,-0.034474,0.000351,0.462214,0.634998,-0.052678,0.909741,0.504553,0.637639,-0.052317,0.951712,0.491360,0.636857,-0.003601,0.910858,0.462977,0.635883,-0.029299,0.938265,0.462307,0.635177,-0.052379,0.504505,0.637574,-0.052142,0.491302,0.636950,-0.003940,0.462990,0.635677,-0.029435,-0.192097,1.234426,-0.418585,-0.239387,1.234730,-0.445588,-0.234648,1.233786,-0.400292,-0.216563,1.234756,-0.437051,0.020084,1.229163,0.154132,-0.027554,1.225326,0.147598,0.007590,1.229685,0.116869,-0.027020,1.225909,0.108073
12,0.100000,-0.022885,0.000013,-0.040157,-0.998931,-0.220686,1.234435,-0.425391,0.000275,-0.191890,1.234560,-0.418576,0.937652,-0.239538,1.234872,-0.445733,0.939751,-0.234799,1.233784,-0.400134,0.944829,-0.216515,1.234526,-0.437123,0.938060,-0.033472,-0.603308,-0.008072,-0.796765,-0.006726,1.227522,0.131661,0.000245,0.020240,1.229189,0.154282,0.944131,-0.027715,1.225301,0.147675,0.954268,0.007633,1.229678,0.116682,0.953855,-0.027062,1.225921,0.108005,0.981293,-0.010388,-0.709948,-0.031423,-0.703476,0.480284,0.636351,-0.034476,0.000341,0.462220,0.635002,-0.052678,0.909741,0.504559,0.637644,-0.052322,0.951712,0.491372,0.636869,-0.003604,0.910858,0.462985,0.635890,-0.029300,0.938265,0.462317,0.635182,-0.052384,0.504514,0.637578,-0.052153,0.491317,0.636963,-0.003936,0.462989,0.635682,-0.029431,-0.192096,1.234439,-0.418594,-0.239409,1.234720,-0.445608,-0.234674,1.233814,-0.400298,-0.216564,1.234769,-0.437065,0.020085,1.229164,0.154128,-0.027558,1.225332,0.147602,0.007584,1.229690,0.116850,-0.027014,1.225902,0.108065
13,0.108333,-0.023082,-0.000051,-0.040225,-0.998924,-0.220694,1.234419,-0.425385,0.000271,-0.191897,1.234545,-0.418574,0.940695,-0.239549,1.234861,-0.445724,0.944894,-0.234803,1.233756,-0.400126,0.946687,-0.216525,1.234515,-0.437117,0.936525,-0.033557,-0.603321,-0.008150,-0.796750,-0.006736,1.227516,0.131663,0.000252,0.020231,1.229178,0.154284,0.941379,-0.027724,1.225290,0.147678,0.953723,0.007622,1.229675,0.116684,0.956246,-0.027073,1.225919,0.108008,0.981289,-0.010442,-0.709963,-0.031274,-0.703467,0.480274,0.636338,-0.034479,0.000343,0.462209,0.634991,-0.052680,0.912169,0.504549,0.637621,-0.052325,0.953033,0.491363,0.636857,-0.003607,0.912946,0.462976,0.635882,-0.029301,0.940253,0.462310,0.635169,-0.052394,0.504496,0.637555,-0.052158,0.491305,0.636949,-0.003938,0.462987,0.635678,-0.029424,-0.192102,1.234426,-0.418587,-0.239424,1.234713,-0.445619,-0.234665,1.233786,-0.400286,-0.216584,1.234753,-0.437049,0.020060,1.229157,0.154125,-0.027556,1.225318,0.147605,0.007584,1.229681,0.116855,-0.027032,1.225906,0.108069
14,0.116667,-0.023192,-0.000078,-0.040201,-0.998923,-0.220679,1.234429,-0.425376,0.000273,-0.191883,1.234551,-0.418566,0.940695,-0.239536,1.234875,-0.445713,0.944894,-0.234787,1.233760,-0.400116,0.946687,-0.216511,1.234527,-0.437108,0.936525,-0.033454,-0.603277,-0.008034,-0.796789,-0.006724,1.227517,0.131665,0.000251,0.020240,1.229185,0.154288,0.941379,-0.027714,1.225298,0.147677,0.953723,0.007636,1.229671,0.116687,0.956246,-0.027058,1.225915,0.108007,0.981289,-0.010319,-0.709995,-0.031509,-0.703426,0.480279,0.636341,-0.034472,0.000349,0.462213,0.634987,-0.052672,0.912169,0.504552,0.637639,-0.052321,0.953033,0.491371,0.636861,-0.003602,0.912946,0.462981,0.635876,-0.029294,0.940253,0.462316,0.635167,-0.052378,0.504501,0.637573,-0.052151,0.491311,0.636954,-0.003941,0.462989,0.635669,-0.029419,-0.192085,1.234430,-0.418584,-0.239402,1.234724,-0.445595,-0.234660,1.233790,-0.400275,-0.216570,1.234769,-0.437049,0.020078,1.229165,0.154128,-0.027551,1.225324,0.147604,0.007589,1.229674,0.116861,-0.027012,1.225904,0.108066
15,0.125000,-0.023241,-0.000081,-0.040180,-0.998922,-0.220687,1.234432,-0.425379,0.000271,-0.191890,1.234553,-0.418570,0.940846,-0.239545,1.234882,-0.445716,0.941517,-0.234795,1.233762,-0.400119,0.948544,-0.216519,1.234531,-0.437111,0.935896,-0.033509,-0.603311,-0.008131,-0.796760,-0.006734,1.227515,0.131670,0.000249,0.020232,1.229181,0.154291,0.942771,-0.027723,1.225291,0.147684,0.954832,0.007624,1.229674,0.116691,0.954946,-0.027070,1.225916,0.108014,0.981117,-0.010378,-0.709958,-0.031440,-0.703465,0.480272,0.636346,-0.034471,0.000348,0.462208,0.634996,-0.052673,0.910053,0.504547,0.637640,-0.052318,0.952637,0.491360,0.636864,-0.003600,0.910897,0.462974,0.635885,-0.029294,0.939529,0.462313,0.635181,-0.052379,0.504493,0.637572,-0.052149,0.491303,0.636961,-0.003934,0.462980,0.635672,-0.029424,-0.192102,1.234434,-0.418588,-0.239417,1.234733,-0.445604,-0.234664,1.233791,-0.400274,-0.216566,1.234769,-0.437051,0.020074,1.229164,0.154138,-0.027561,1.225316,0.147603,0.007577,1.229675,0.116862,-0.027027,1.225908,0.108078
16,0.133333,-0.023273,-0.000052,-0.040224,-0.998920,-0.220676,1.234436,-0.425378,0.000280,-0.191880,1.234559,-0.418568,0.937095,-0.239532,1.234886,-0.445716,0.939532,-0.234785,1.233763,-0.400119,0.949976,-0.216508,1.234537,-0.437110,0.934452,-0.033445,-0.603372,-0.008076,-0.796717,-0.006721,1.227520,0.131662,0.000255,0.020249,1.229189,0.154279,0.944766,-0.027707,1.225298,0.147680,0.954836,0.007635,1.229676,0.116681,0.956474,-0.027060,1.225917,0.108010,0.977815,-0.010364,-0.709947,-0.031563,-0.703471,0.480281,0.636346,-0.034472,0.000349,0.462217,0.634995,-0.052674,0.910205,0.504556,0.637647,-0.052317,0.951607,0.491368,0.636862,-0.003600,0.909934,0.462982,0.635881,-0.029295,0.938369,0.462313,0.635178,-0.052380,0.504510,0.637580,-0.052142,0.491311,0.636957,-0.003942,0.462992,0.635670,-0.029422,-0.192096,1.234434,-0.418595,-0.239390,1.234730,-0.445598,-0.234660,1.233794,-0.400272,-0.216558,1.234787,-0.437048,0.020091,1.229175,0.154125,-0.027549,1.225320,0.147595,0.007584,1.229673,0.116847,-0.027009,1.225913,0.108082
17,0.141667,-0.023329,-0.000014,-0.040308,-0.998915,-0.220674,1.234444,-0.425375,0.000278,-0.191878,1.234571,-0.418563,0.937095,-0.239528,1.234893,-0.445715,0.939532,-0.234784,1.233766,-0.400118,0.949976,-0.216504,1.234547,-0.437107,0.934452,-0.033500,-0.603366,-0.008379,-0.796717,-0.006723,1.227520,0.131667,0.000241,0.020246,1.229190,0.154285,0.944766,-0.027708,1.225282,0.147683,0.954836,0.007633,1.229688,0.116687,0.956474,-0.027061,1.225919,0.108013,0.977815,-0.010289,-0.709906,-0.031552,-0.703514,0.480284,0.636357,-0.034468,0.000331,0.462222,0.635003,-0.052673,0.910205,0.504561,0.637658,-0.052311,0.951607,0.491367,0.636878,-0.003595,0.909934,0.462984,0.635891,-0.029294,0.938369,0.462311,0.635181,-0.052389,0.504521,0.637593,-0.052143,0.491314,0.636971,-0.003923,0.462989,0.635685,-0.029418,-0.192091,1.234449,-0.418587,-0.239392,1.234740,-0.445598,-0.234657,1.233796,-0.400274,-0.216555,1.234791,-0.437043,0.020089,1.229179,0.154141,-0.027547,1.225301,0.147604,0.007588,1.229681,0.116847,-0.027022,1.225918,0.108075
18,0.150000,-0.023282,-0.000093,-0.040178,-0.998921,-0.220684,1.234438,-0.425382,0.000274,-0.191887,1.234558,-0.418574,0.940337,-0.239542,1.234889,-0.445718,0.942352,-0.234791,1.233766,-0.400122,0.948137,-0.216517,1.234538,-0.437114,0.936287,-0.033416,-0.603335,-0.008031,-0.796747,-0.006729,1.227517,0.131666,0.000250,0.020238,1.229187,0.154285,0.945543,-0.027717,1.225298,0.147682,0.955074,0.007628,1.229670,0.116686,0.957433,-0.027067,1.225912,0.108012,0.978634,-0.010262,-0.709879,-0.031437,-0.703547,0.480282,0.636351,-0.034478,0.000346,0.462222,0.634995,-0.052684,0.911604,0.504561,0.637645,-0.052319,0.950588,0.491363,0.636876,-0.003604,0.910879,0.462982,0.635888,-0.029305,0.939002,0.462318,0.635175,-0.052395,0.504511,0.637579,-0.052139,0.491312,0.636970,-0.003944,0.462986,0.635680,-0.029433,-0.192093,1.234438,-0.418591,-0.239407,1.234740,-0.445606,-0.234659,1.233795,-0.400279,-0.216578,1.234777,-0.437052,0.020082,1.229176,0.154134,-0.027560,1.225317,0.147596,0.007583,1.229664,0.116850,-0.027022,1.225911,0.108085
19,0.158333,-0.023442,-0.000099,-0.040217,-0.998916,-0.220675,1.234452,-0.425371,0.000271,-0.191878,1.234573,-0.418563,0.940337,-0.239534,1.234909,-0.445707,0.942352,-0.234782,1.233771,-0.400111,0.948137,-0.216508,1.234557,-0.437103,0.936287,-0.033423,-0.603384,-0.008068,-0.796709,-0.006727,1.227525,0.131675,0.000247,0.020244,1.229195,0.154290,0.945543,-0.027712,1.225303,0.147693,0.955074,0.007629,1.229680,0.116693,0.957433,-0.027067,1.225920,0.108023,0.978634,-0.010139,-0.710039,-0.031600,-0.703380,0.480295,0.636347,-0.034462,0.000352,0.462228,0.634985,-0.052660,0.911604,0.504565,0.637652,-0.052314,0.950588,0.491390,0.636875,-0.003593,0.910879,0.462998,0.635876,-0.029282,0.939002,0.462308,0.635180,-0.052380,0.504507,0.637580,-0.052137,0.491322,0.636978,-0.003926,0.463044,0.635651,-0.029406,-0.192085,1.234450,-0.418585,-0.239407,1.234755,-0.445596,-0.234654,1.233801,-0.400268,-0.216555,1.234802,-0.437034,0.020089,1.229183,0.154139,-0.027557,1.225323,0.147605,0.007589,1.229674,0.116860,-0.027028,1.225918,0.108095
20,0.166667,-0.023445,-0.000011,-0.040227,-0.998916,-0.220677,1.234455,-0.425369,0.000288,-0.191881,1.234576,-0.418557,0.938082,-0.239531,1.234911,-0.445708,0.938016,-0.234787,1.233773,-0.400112,0.948835,-0.216507,1.234559,-0.437101,0.934956,-0.033446,-0.603282,-0.008022,-0.796786,-0.006732,1.227535,0.131670,0.000243,0.020233,1.229203,0.154292,0.946421,-0.027721,1.225316,0.147683,0.957354,0.007628,1.229688,0.116692,0.955191,-0.027066,1.225932,0.108013,0.981350,-0.010081,-0.709890,-0.031483,-0.703536,0.480280,0.636356,-0.034468,0.000343,0.462220,0.634991,-0.052673,0.911306,0.504558,0.637655,-0.052310,0.949820,0.491361,0.636891,-0.003594,0.911740,0.462980,0.635888,-0.029295,0.937038,0.462314,0.635175,-0.052385,0.504509,0.637587,-0.052127,0.491318,0.636987,-0.003931,0.462979,0.635675,-0.029429,-0.192095,1.234455,-0.418585,-0.239376,1.234760,-0.445588,-0.234660,1.233803,-0.400269,-0.216576,1.234802,-0.437036,0.020085,1.229196,0.154138,-0.027570,1.225332,0.147607,0.007578,1.229677,0.116863,-0.027019,1.225936,0.108071
21,0.175000,-0.023339,-0.000033,-0.040245,-0.998917,-0.220675,1.234460,-0.425373,0.000274,-0.191879,1.234583,-0.418561,0.938082,-0.239530,1.234911,-0.445712,0.938016,-0.234785,1.233783,-0.400115,0.948835,-0.216506,1.234562,-0.437105,0.934956,-0.033371,-0.603361,-0.007928,-0.796730,-0.006722,1.227532,0.131678,0.000243,0.020247,1.229204,0.154294,0.946421,-0.027709,1.225318,0.147695,0.957354,0.007635,1.229681,0.116696,0.955191,-0.027061,1.225925,0.108025,0.981350,-0.010288,-0.709911,-0.031493,-0.703512,0.480283,0.636362,-0.034469,0.000351,0.462221,0.635007,-0.052673,0.911306,0.504560,0.637659,-0.052312,0.949820,0.491367,0.636884,-0.003596,0.911740,0.462984,0.635897,-0.029295,0.937038,0.462308,0.635180,-0.052377,0.504517,0.637596,-0.052130,0.491310,0.636974,-0.003943,0.462997,0.635697,-0.029426,-0.192088,1.234461,-0.418583,-0.239393,1.234759,-0.445603,-0.234655,1.233813,-0.400268,-0.216564,1.234806,-0.437038,0.020097,1.229195,0.154148,-0.027553,1.225335,0.147612,0.007587,1.229671,0.116860,-0.027019,1.225926,0.108090
22,0.183333,-0.023328,-0.000053,-0.040155,-0.998921,-0.220669,1.234456,-0.425369,0.000286,-0.191872,1.234574,-0.418559,0.938308,-0.239525,1.234910,-0.445707,0.939278,-0.234777,1.233782,-0.400110,0.947278,-0.216500,1.234557,-0.437101,0.934669,-0.033552,-0.603418,-0.008238,-0.796676,-0.006723,1.227530,0.131673,0.000251,0.020249,1.229194,0.154287,0.944468,-0.027707,1.225299,0.147692,0.955725,0.007631,1.229693,0.116690,0.957628,-0.027065,1.225932,0.108022,0.978510,-0.010187,-0.709988,-0.031468,-0.703437,0.480290,0.636364,-0.034466,0.000321,0.462224,0.635004,-0.052667,0.915629,0.504563,0.637661,-0.052315,0.952202,0.491380,0.636893,-0.003596,0.913448,0.462992,0.635899,-0.029288,0.939443,0.462309,0.635187,-0.052396,0.504528,0.637595,-0.052139,0.491337,0.636989,-0.003926,0.462985,0.635687,-0.029405,-0.192085,1.234452,-0.418582,-0.239381,1.234757,-0.445586,-0.234647,1.233813,-0.400273,-0.216562,1.234803,-0.437037,0.020088,1.229190,0.154134,-0.027548,1.225311,0.147613,0.007584,1.229675,0.116852,-0.027015,1.225942,0.108091
23,0.191667,-0.023449,0.000035,-0.040225,-0.998916,-0.220677,1.234450,-0.425369,0.000291,-0.191882,1.234571,-0.418553,0.938308,-0.239530,1.234907,-0.445709,0.939278,-0.234790,1.233768,-0.400112,0.947278,-0.216507,1.234555,-0.437100,0.934669,-0.033511,-0.603337,-0.008302,-0.796738,-0.006728,1.227526,0.131670,0.000238,0.020239,1.229194,0.154290,0.944468,-0.027715,1.225292,0.147685,0.955725,0.007629,1.229691,0.116691,0.957628,-0.027064,1.225926,0.108015,0.978510,-0.009963,-0.709963,-0.031378,-0.703469,0.480282,0.636357,-0.034462,0.000332,0.462219,0.634985,-0.052663,0.915629,0.504556,0.637651,-0.052308,0.952202,0.491369,0.636902,-0.003590,0.913448,0.462983,0.635890,-0.029285,0.939443,0.462304,0.635163,-0.052377,0.504516,0.637586,-0.052130,0.491328,0.636994,-0.003919,0.462980,0.635685,-0.029420,-0.192095,1.234446,-0.418578,-0.239380,1.234751,-0.445583,-0.234662,1.233799,-0.400278,-0.216573,1.234803,-0.437036,0.020089,1.229186,0.154145,-0.027558,1.225309,0.147608,0.007583,1.229680,0.116853,-0.027023,1.225928,0.108074
24,0.200000,-0.023306,0.000036,-0.040445,-0.998910,-0.220678,1.234452,-0.425368,0.000262,-0.191882,1.234587,-0.418552,0.942060,-0.239530,1.234894,-0.445709,0.943423,-0.234791,1.233771,-0.400112,0.949282,-0.216507,1.234555,-0.437099,0.934090,-0.033399,-0.603395,-0.008135,-0.796701,-0.006725,1.227524,0.131675,0.000252,0.020246,1.229198,0.154290,0.945400,-0.027710,1.225299,0.147693,0.954125,0.007630,1.229682,0.116693,0.957918,-0.027065,1.225918,0.108023,0.978260,-0.010254,-0.709955,-0.031447,-0.703470,0.480288,0.636362,-0.034463,0.000338,0.462224,0.635005,-0.052665,0.914436,0.504563,0.637657,-0.052309,0.950167,0.491376,0.636887,-0.003591,0.912374,0.462990,0.635898,-0.029286,0.939405,0.462308,0.635182,-0.052384,0.504518,0.637592,-0.052126,0.491329,0.636980,-0.003926,0.462998,0.635693,-0.029415,-0.192077,1.234461,-0.418568,-0.239408,1.234738,-0.445600,-0.234666,1.233801,-0.400268,-0.216560,1.234805,-0.437035,0.020086,1.229191,0.154141,-0.027549,1.225314,0.147606,0.007585,1.229668,0.116854,-0.027021,1.225923,0.108098
25,0.208333,-0.023552,-0.000038,-0.040388,-0.998906,-0.220677,1.234460,-0.425374,0.000276,-0.191881,1.234589,-0.418563,0.942060,-0.239533,1.234914,-0.445712,0.943423,-0.234786,1.233768,-0.400115,0.949282,-0.216509,1.234568,-0.437106,0.934090,-0.033364,-0.603359,-0.008275,-0.796729,-0.006730,1.227532,0.131675,0.000246,0.020238,1.229209,0.154293,0.945400,-0.027716,1.225299,0.147691,0.954125,0.007626,1.229695,0.116694,0.957918,-0.027067,1.225923,0.108021,0.978260,-0.009975,-0.710008,-0.031484,-0.703419,0.480280,0.636360,-0.034466,0.000330,0.462214,0.634989,-0.052665,0.914436,0.504552,0.637660,-0.052316,0.950167,0.491371,0.636901,-0.003596,0.912374,0.462982,0.635890,-0.029287,0.939405,0.462300,0.635167,-0.052381,0.504512,0.637595,-0.052142,0.491325,0.636994,-0.003922,0.462983,0.635685,-0.029419,-0.192094,1.234464,-0.418586,-0.239393,1.234759,-0.445599,-0.234658,1.233799,-0.400266,-0.216564,1.234819,-0.437044,0.020083,1.229201,0.154149,-0.027555,1.225316,0.147607,0.007578,1.229683,0.116854,-0.027025,1.225926,0.108089
26,0.216667,-0.023277,-0.000127,-0.040320,-0.998916,-0.220677,1.234457,-0.425372,0.000274,-0.191880,1.234586,-0.418566,0.939128,-0.239536,1.234903,-0.445707,0.941590,-0.234782,1.233781,-0.400111,0.949710,-0.216510,1.234558,-0.437105,0.936455,-0.033503,-0.603392,-0.008142,-0.796699,-0.006732,1.227530,0.131681,0.000255,0.020238,1.229197,0.154296,0.946077,-0.027718,1.225305,0.147699,0.953525,0.007623,1.229689,0.116699,0.957306,-0.027073,1.225931,0.108029,0.977217,-0.010031,-0.709898,-0.031536,-0.703527,0.480282,0.636364,-0.034466,0.000337,0.462222,0.634996,-0.052671,0.911795,0.504559,0.637666,-0.052308,0.953180,0.491364,0.636900,-0.003593,0.913130,0.462982,0.635893,-0.029292,0.938216,0.462300,0.635173,-0.052377,0.504523,0.637601,-0.052136,0.491307,0.636992,-0.003923,0.462996,0.635687,-0.029428,-0.192089,1.234465,-0.418590,-0.239402,1.234752,-0.445590,-0.234658,1.233811,-0.400266,-0.216559,1.234800,-0.437043,0.020082,1.229185,0.154148,-0.027557,1.225325,0.147608,0.007570,1.229682,0.116861,-0.027025,1.225930,0.108106
27,0.225000,-0.023381,0.000053,-0.040229,-0.998917,-0.220679,1.234456,-0.425373,0.000272,-0.191884,1.234578,-0.418557,0.939128,-0.239531,1.234910,-0.445715,0.941590,-0.234793,1.233777,-0.400117,0.949710,-0.216508,1.234559,-0.437104,0.936455,-0.033435,-0.603410,-0.008166,-0.796688,-0.006725,1.227522,0.131681,0.000252,0.020247,1.229193,0.154295,0.946077,-0.027709,1.225295,0.147700,0.953525,0.007630,1.229681,0.116698,0.957306,-0.027066,1.225918,0.108030,0.977217,-0.009907,-0.709959,-0.031401,-0.703473,0.480283,0.636348,-0.034467,0.000332,0.462220,0.634974,-0.052669,0.911795,0.504558,0.637644,-0.052314,0.953180,0.491370,0.636896,-0.003596,0.913130,0.462985,0.635880,-0.029291,0.938216,0.462306,0.635155,-0.052391,0.504514,0.637578,-0.052135,0.491326,0.636990,-0.003925,0.462987,0.635671,-0.029419,-0.192095,1.234454,-0.418573,-0.239395,1.234756,-0.445601,-0.234663,1.233808,-0.400268,-0.216564,1.234806,-0.437050,0.020087,1.229183,0.154148,-0.027548,1.225314,0.147611,0.007585,1.229673,0.116858,-0.027023,1.225918,0.108107
28,0.233333,-0.023274,0.000008,-0.040364,-0.998914,-0.220686,1.234445,-0.425370,0.000279,-0.191890,1.234576,-0.418556,0.940218,-0.239539,1.234889,-0.445711,0.938074,-0.234798,1.233768,-0.400113,0.950084,-0.216516,1.234547,-0.437102,0.934428,-0.033468,-0.603333,-0.008227,-0.796744,-0.006732,1.227523,0.131672,0.000241,0.020234,1.229193,0.154292,0.946163,-0.027720,1.225294,0.147687,0.956198,0.007625,1.229685,0.116693,0.959833,-0.027069,1.225921,0.108017,0.980005,-0.010031,-0.709985,-0.031560,-0.703438,0.480278,0.636353,-0.034468,0.000331,0.462214,0.634985,-0.052668,0.913276,0.504551,0.637657,-0.052316,0.951773,0.491368,0.636889,-0.003597,0.913068,0.462980,0.635882,-0.029290,0.939002,0.462291,0.635159,-0.052378,0.504519,0.637594,-0.052136,0.491324,0.636979,-0.003930,0.462979,0.635680,-0.029427,-0.192093,1.234452,-0.418582,-0.239391,1.234735,-0.445586,-0.234678,1.233799,-0.400271,-0.216580,1.234794,-0.437044,0.020077,1.229183,0.154146,-0.027564,1.225311,0.147609,0.007586,1.229678,0.116849,-0.027028,1.225921,0.108086
29,0.241667,-0.023228,0.000239,-0.040106,-0.998925,-0.220685,1.234464,-0.425374,0.000285,-0.191892,1.234580,-0.418546,0.940218,-0.239529,1.234917,-0.445722,0.938074,-0.234808,1.233796,-0.400123,0.950084,-0.216509,1.234563,-0.437103,0.934428,-0.033430,-0.603418,-0.007990,-0.796684,-0.006724,1.227530,0.131679,0.000246,0.020249,1.229199,0.154292,0.946163,-0.027709,1.225313,0.147699,0.956198,0.007631,1.229682,0.116696,0.959833,-0.027066,1.225927,0.108029,0.980005,-0.010455,-0.709790,-0.031592,-0.703627,0.480275,0.636345,-0.034462,0.000339,0.462219,0.635000,-0.052673,0.913276,0.504558,0.637647,-0.052297,0.951773,0.491349,0.636854,-0.003586,0.913068,0.462974,0.635881,-0.029294,0.939002,0.462320,0.635173,-0.052381,0.504505,0.637583,-0.052135,0.491294,0.636944,-0.003906,0.462981,0.635681,-0.029427,-0.192096,1.234455,-0.418584,-0.239373,1.234760,-0.445594,-0.234696,1.233827,-0.400282,-0.216573,1.234813,-0.437036,0.020092,1.229190,0.154146,-0.027551,1.225330,0.147616,0.007588,1.229673,0.116854,-0.027024,1.225928,0.108101
30,0.250000,-0.023124,0.000156,-0.040319,-0.998919,-0.220683,1.234460,-0.425384,0.000271,-0.191890,1.234591,-0.418561,0.939384,-0.239531,1.234900,-0.445730,0.936083,-0.234803,1.233792,-0.400131,0.950780,-0.216510,1.234558,-0.437114,0.933152,-0.033384,-0.603397,-0.008234,-0.796699,-0.006730,1.227526,0.131676,0.000243,0.020240,1.229202,0.154291,0.946253,-0.027715,1.225296,0.147694,0.955215,0.007625,1.229687,0.116694,0.958883,-0.027070,1.225918,0.108024,0.979145,-0.010185,-0.709957,-0.031472,-0.703468,0.480281,0.636351,-0.034464,0.000342,0.462218,0.634991,-0.052666,0.911478,0.504556,0.637648,-0.052310,0.954528,0.491369,0.636880,-0.003592,0.915720,0.462983,0.635885,-0.029287,0.940003,0.462304,0.635169,-0.052376,0.504511,0.637583,-0.052131,0.491319,0.636973,-0.003926,0.462992,0.635679,-0.029422,-0.192090,1.234466,-0.418586,-0.239397,1.234745,-0.445614,-0.234682,1.233822,-0.400289,-0.216564,1.234807,-0.437048,0.020094,1.229194,0.154139,-0.027570,1.225311,0.147610,0.007579,1.229677,0.116860,-0.027023,1.225921,0.108095
31,0.258333,-0.023194,0.000018,-0.040239,-0.998921,-0.220676,1.234444,-0.425369,0.000289,-0.191880,1.234569,-0.418554,0.937444,-0.239529,1.234890,-0.445710,0.938239,-0.234788,1.233775,-0.400112,0.947091,-0.216506,1.234543,-0.437100,0.933814,-0.033392,-0.603315,-0.008078,-0.796763,-0.006728,1.227522,0.131672,0.000250,0.020238,1.229195,0.154292,0.944562,-0.027717,1.225300,0.147687,0.952507,0.007630,1.229677,0.116693,0.957617,-0.027064,1.225916,0.108017,0.981338,-0.010137,-0.709979,-0.031359,-0.703451,0.480283,0.636357,-0.034465,0.000335,0.462219,0.634994,-0.052666,0.911815,0.504557,0.637648,-0.052313,0.951988,0.491373,0.636892,-0.003594,0.913937,0.462985,0.635894,-0.029287,0.936336,0.462305,0.635181,-0.052379,0.504513,0.637579,-0.052139,0.491324,0.636990,-0.003921,0.462991,0.635677,-0.029421,-0.192096,1.234444,-0.418580,-0.239383,1.234734,-0.445586,-0.234659,1.233806,-0.400277,-0.216566,1.234792,-0.437034,0.020072,1.229185,0.154146,-0.027545,1.225319,0.147608,0.007583,1.229668,0.116855,-0.027024,1.225917,0.108079
32,0.266667,-0.023090,0.000178,-0.040134,-0.998928,-0.220690,1.234445,-0.425383,0.000272,-0.191897,1.234565,-0.418559,0.937444,-0.239537,1.234891,-0.445730,0.938239,-0.234811,1.233784,-0.400130,0.947091,-0.216516,1.234541,-0.437113,0.933814,-0.033458,-0.603295,-0.008147,-0.796775,-0.006730,1.227518,0.131669,0.000249,0.020235,1.229187,0.154291,0.944562,-0.027720,1.225293,0.147682,0.952507,0.007628,1.229676,0.116691,0.957617,-0.027065,1.225916,0.108012,0.981338,-0.010341,-0.709902,-0.031384,-0.703525,0.480284,0.636351,-0.034467,0.000343,0.462222,0.634999,-0.052672,0.911815,0.504561,0.637641,-0.052310,0.951988,0.491367,0.636873,-0.003594,0.913937,0.462984,0.635891,-0.029293,0.936336,0.462315,0.635176,-0.052381,0.504511,0.637577,-0.052139,0.491312,0.636965,-0.003922,0.462996,0.635687,-0.029427,-0.192095,1.234443,-0.418591,-0.239403,1.234738,-0.445613,-0.234696,1.233814,-0.400290,-0.216568,1.234785,-0.437038,0.020076,1.229175,0.154147,-0.027556,1.225313,0.147592,0.007583,1.229671,0.116849,-0.027025,1.225913,0.108087
33,0.275000,-0.023071,0.000229,-0.040100,-0.998929,-0.220691,1.234447,-0.425385,0.000275,-0.191899,1.234565,-0.418558,0.941083,-0.239536,1.234894,-0.445734,0.940645,-0.234815,1.233788,-0.400134,0.949614,-0.216516,1.234542,-0.437115,0.934211,-0.033517,-0.603309,-0.008149,-0.796761,-0.006737,1.227523,0.131675,0.000238,0.020229,1.229189,0.154296,0.945914,-0.027726,1.225298,0.147689,0.956546,0.007621,1.229682,0.116696,0.958813,-0.027073,1.225925,0.108019,0.980872,-0.010303,-0.709911,-0.031507,-0.703511,0.480278,0.636351,-0.034466,0.000342,0.462216,0.634998,-0.052670,0.912719,0.504554,0.637650,-0.052309,0.952821,0.491362,0.636872,-0.003593,0.912412,0.462978,0.635887,-0.029291,0.940455,0.462310,0.635174,-0.052384,0.504506,0.637585,-0.052139,0.491303,0.636964,-0.003926,0.462991,0.635683,-0.029415,-0.192098,1.234443,-0.418589,-0.239397,1.234740,-0.445617,-0.234697,1.233818,-0.400295,-0.216574,1.234788,-0.437040,0.020073,1.229171,0.154147,-0.027572,1.225322,0.147611,0.007587,1.229686,0.116857,-0.027036,1.225914,0.108085
34,0.283333,-0.023183,-0.000024,-0.040166,-0.998924,-0.220687,1.234439,-0.425380,0.000265,-0.191891,1.234560,-0.418567,0.941083,-0.239542,1.234887,-0.445719,0.940645,-0.234797,1.233772,-0.400121,0.949614,-0.216518,1.234537,-0.437111,0.934211,-0.033473,-0.603381,-0.008098,-0.796709,-0.006730,1.227521,0.131674,0.000243,0.020240,1.229189,0.154290,0.945914,-0.027716,1.225298,0.147692,0.956546,0.007626,1.229678,0.116692,0.958813,-0.027070,1.225920,0.108022,0.980872,-0.010382,-0.709916,-0.031466,-0.703507,0.480280,0.636350,-0.034470,0.000339,0.462218,0.635000,-0.052674,0.912719,0.504557,0.637645,-0.052313,0.952821,0.491365,0.636867,-0.003597,0.912412,0.462981,0.635888,-0.029295,0.940455,0.462302,0.635174,-0.052383,0.504515,0.637581,-0.052140,0.491311,0.636958,-0.003928,0.462993,0.635686,-0.029429,-0.192091,1.234437,-0.418586,-0.239417,1.234734,-0.445615,-0.234669,1.233802,-0.400276,-0.216571,1.234782,-0.437041,0.020089,1.229177,0.154143,-0.027560,1.225318,0.147612,0.007577,1.229672,0.116855,-0.027025,1.225918,0.108085
35,0.291667,-0.022989,0.000142,-0.040135,-0.998930,-0.220697,1.234441,-0.425386,0.000270,-0.191903,1.234562,-0.418563,0.939203,-0.239545,1.234882,-0.445732,0.941531,-0.234816,1.233784,-0.400132,0.950268,-0.216524,1.234534,-0.437116,0.935736,-0.033527,-0.603357,-0.008202,-0.796724,-0.006734,1.227519,0.131667,0.000244,0.020234,1.229184,0.154285,0.945794,-0.027721,1.225290,0.147683,0.955546,0.007622,1.229680,0.116687,0.958861,-0.027073,1.225920,0.108013,0.979880,-0.010419,-0.709954,-0.031344,-0.703473,0.480273,0.636348,-0.034475,0.000342,0.462208,0.634999,-0.052677,0.910306,0.504548,0.637635,-0.052322,0.952354,0.491361,0.636866,-0.003604,0.912465,0.462974,0.635890,-0.029299,0.937761,0.462302,0.635180,-0.052382,0.504504,0.637569,-0.052148,0.491310,0.636960,-0.003937,0.462975,0.635681,-0.029434,-0.192111,1.234438,-0.418589,-0.239421,1.234728,-0.445607,-0.234700,1.233815,-0.400290,-0.216556,1.234782,-0.437057,0.020076,1.229169,0.154138,-0.027563,1.225313,0.147605,0.007578,1.229679,0.116845,-0.027028,1.225914,0.108080
36,0.300000,-0.023015,0.000059,-0.040123,-0.998930,-0.220682,1.234442,-0.425381,0.000281,-0.191887,1.234562,-0.418564,0.939203,-0.239533,1.234884,-0.445724,0.941531,-0.234797,1.233784,-0.400125,0.950268,-0.216510,1.234535,-0.437112,0.935736,-0.033473,-0.603361,-0.008052,-0.796725,-0.006738,1.227517,0.131671,0.000248,0.020231,1.229184,0.154288,0.945794,-0.027725,1.225296,0.147688,0.955546,0.007619,1.229671,0.116690,0.958861,-0.027077,1.225916,0.108018,0.979880,-0.010289,-0.709935,-0.031503,-0.703487,0.480287,0.636352,-0.034467,0.000330,0.462224,0.634997,-0.052670,0.910306,0.504563,0.637650,-0.052312,0.952354,0.491373,0.636874,-0.003595,0.912465,0.462988,0.635887,-0.029291,0.937761,0.462317,0.635170,-0.052385,0.504522,0.637587,-0.052139,0.491329,0.636964,-0.003924,0.462980,0.635687,-0.029421,-0.192087,1.234436,-0.418599,-0.239386,1.234726,-0.445592,-0.234687,1.233815,-0.400288,-0.216567,1.234788,-0.437046,0.020073,1.229165,0.154135,-0.027565,1.225322,0.147609,0.007572,1.229674,0.116858,-0.027033,1.225906,0.108082
37,0.308333,,,,,,,,,,,,,,,,,,,,,,,,,,,,,,,,,,,,,,,,,,,,,,,,,,,,,,,,,,,,,,,,,,,,,,,,,0.462304,0.635159,-0.052385,0.504497,0.637567,-0.052140,0.491300,0.636942,-0.003933,0.462980,0.635682,-0.029427,-0.192098,1.234428,-0.418596,-0.239424,1.234707,-0.445627,-0.234666,1.233783,-0.400279,-0.216581,1.234762,-0.437053,0.020062,1.229158,0.154127,-0.027559,1.225316,0.147609,0.007583,1.229672,0.116858,-0.027027,1.225897,0.108073
38,0.316667,-0.022870,0.000116,-0.040117,-0.998933,-0.220692,1.234425,-0.425396,0.000259,-0.191898,1.234547,-0.418575,0.940253,-0.239541,1.234862,-0.445741,0.936779,-0.234810,1.233775,-0.400141,0.950392,-0.216519,1.234515,-0.437126,0.933037,-0.033470,-0.603290,-0.008196,-0.796777,-0.006734,1.227512,0.131669,0.000244,0.020230,1.229182,0.154292,0.944753,-0.027724,1.225284,0.147682,0.954968,0.007625,1.229673,0.116691,0.956304,-0.027069,1.225910,0.108012,0.980315,-0.010449,-0.709990,-0.031457,-0.703431,0.480265,0.636334,-0.034481,0.000352,0.462199,0.634987,-0.052681,0.913364,0.504538,0.637628,-0.052330,0.952934,0.491356,0.636848,-0.003611,0.914076,0.462967,0.635873,-0.029302,0.940329,0.462289,0.635156,-0.052382,0.504500,0.637567,-0.052156,0.491287,0.636934,-0.003962,0.462984,0.635679,-0.029424,-0.192093,1.234428,-0.418598,-0.239419,1.234715,-0.445628,-0.234694,1.233804,-0.400294,-0.216563,1.234752,-0.437063,0.020067,1.229159,0.154134,-0.027565,1.225312,0.147613,0.007587,1.229681,0.116859,-0.027026,1.225896,0.108071
39,0.325000,-0.023154,-0.000113,-0.040184,-0.998924,-0.220683,1.234424,-0.425379,0.000275,-0.191886,1.234546,-0.418572,0.940559,-0.239542,1.234869,-0.445715,0.941285,-0.234789,1.233758,-0.400119,0.950634,-0.216516,1.234521,-0.437112,0.938549,-0.033506,-0.603255,-0.008113,-0.796803,-0.006738,1.227513,0.131667,0.000252,0.020225,1.229179,0.154292,0.940817,-0.027729,1.225290,0.147678,0.956077,0.007622,1.229671,0.116690,0.955852,-0.027071,1.225914,0.108008,0.979807,-0.010841,-0.709908,-0.031267,-0.703516,0.480270,0.636336,-0.034472,0.000348,0.462206,0.635010,-0.052676,0.909465,0.504547,0.637615,-0.052315,0.953306,0.491355,0.636832,-0.003599,0.911649,0.462970,0.635888,-0.029297,0.939134,0.462316,0.635192,-0.052383,0.504493,0.637548,-0.052149,0.491296,0.636927,-0.003934,0.462974,0.635678,-0.029420,-0.192093,1.234431,-0.418597,-0.239396,1.234726,-0.445599,-0.234666,1.233786,-0.400270,-0.216578,1.234751,-0.437052,0.020057,1.229154,0.154127,-0.027570,1.225320,0.147610,0.007581,1.229681,0.116862,-0.027021,1.225898,0.108070
40,0.333333,-0.023235,-0.000083,-0.040179,-0.998922,-0.220689,1.234417,-0.425387,0.000287,-0.191892,1.234538,-0.418578,0.940559,-0.239546,1.234866,-0.445724,0.941285,-0.234796,1.233747,-0.400127,0.950634,-0.216521,1.234516,-0.437119,0.938549,-0.033568,-0.603264,-0.008132,-0.796794,-0.006745,1.227513,0.131668,0.000249,0.020218,1.229175,0.154292,0.940817,-0.027736,1.225289,0.147679,0.956077,0.007615,1.229672,0.116691,0.955852,-0.027079,1.225918,0.108009,0.979807,-0.010596,-0.709967,-0.031428,-0.703454,0.480273,0.636344,-0.034475,0.000344,0.462207,0.635005,-0.052676,0.909465,0.504547,0.637635,-0.052322,0.953306,0.491363,0.636850,-0.003604,0.911649,0.462974,0.635887,-0.029297,0.939134,0.462311,0.635183,-0.052388,0.504500,0.637570,-0.052152,0.491304,0.636942,-0.003945,0.462976,0.635683,-0.029413,-0.192106,1.234424,-0.418600,-0.239395,1.234724,-0.445600,-0.234666,1.233775,-0.400287,-0.216587,1.234743,-0.437061,0.020053,1.229147,0.154138,-0.027569,1.225322,0.147600,0.007576,1.229688,0.116859,-0.027041,1.225896,0.108073
41,0.341667,-0.023017,-0.000204,-0.040194,-0.998927,-0.220690,1.234411,-0.425389,0.000264,-0.191891,1.234536,-0.418587,0.941737,-0.239551,1.234851,-0.445722,0.945823,-0.234791,1.233752,-0.400126,0.947725,-0.216524,1.234505,-0.437122,0.937433,-0.033527,-0.603279,-0.008069,-0.796785,-0.006737,1.227512,0.131668,0.000247,0.020228,1.229176,0.154291,0.942548,-0.027727,1.225291,0.147680,0.955056,0.007623,1.229668,0.116690,0.956297,-0.027071,1.225914,0.108010,0.980982,-0.010653,-0.709904,-0.031424,-0.703516,0.480277,0.636346,-0.034475,0.000350,0.462214,0.635010,-0.052679,0.911976,0.504554,0.637636,-0.052318,0.952727,0.491361,0.636849,-0.003602,0.910708,0.462977,0.635890,-0.029300,0.940416,0.462311,0.635189,-0.052392,0.504502,0.637570,-0.052148,0.491295,0.636941,-0.003940,0.462999,0.635685,-0.029419,-0.192092,1.234418,-0.418597,-0.239430,1.234704,-0.445619,-0.234656,1.233781,-0.400283,-0.216580,1.234740,-0.437058,0.020063,1.229149,0.154133,-0.027565,1.225323,0.147609,0.007582,1.229681,0.116859,-0.027028,1.225895,0.108070
42,0.350000,-0.023039,-0.000079,-0.040176,-0.998927,-0.220686,1.234414,-0.425392,0.000282,-0.191890,1.234537,-0.418583,0.941737,-0.239543,1.234855,-0.445729,0.945823,-0.234794,1.233754,-0.400132,0.947725,-0.216518,1.234508,-0.437124,0.937433,-0.033451,-0.603373,-0.008151,-0.796715,-0.006741,1.227502,0.131663,0.000238,0.020228,1.229172,0.154280,0.942548,-0.027727,1.225276,0.147680,0.955056,0.007614,1.229661,0.116682,0.956297,-0.027081,1.225899,0.108010,0.980982,-0.010863,-0.709947,-0.031239,-0.703479,0.480263,0.636336,-0.034480,0.000356,0.462197,0.635011,-0.052682,0.911976,0.504539,0.637613,-0.052326,0.952727,0.491352,0.636831,-0.003608,0.910708,0.462964,0.635889,-0.029303,0.940416,0.462300,0.635179,-0.052393,0.504483,0.637551,-0.052155,0.491282,0.636918,-0.003952,0.462986,0.635696,-0.029419,-0.192110,1.234416,-0.418607,-0.239402,1.234705,-0.445607,-0.234667,1.233783,-0.400287,-0.216567,1.234749,-0.437068,0.020066,1.229144,0.154125,-0.027564,1.225310,0.147607,0.007586,1.229678,0.116854,-0.027054,1.225876,0.108064
43,0.358333,-0.022999,0.000118,-0.040186,-0.998927,-0.220701,1.234413,-0.425391,0.000284,-0.191907,1.234538,-0.418570,0.941751,-0.239550,1.234853,-0.445736,0.938104,-0.234819,1.233755,-0.400137,0.948721,-0.216528,1.234507,-0.437122,0.936555,-0.033439,-0.603224,-0.008054,-0.796830,-0.006747,1.227503,0.131662,0.000244,0.020214,1.229172,0.154288,0.944531,-0.027739,1.225283,0.147671,0.956729,0.007615,1.229657,0.116685,0.955384,-0.027078,1.225900,0.108001,0.979845,-0.010649,-0.710014,-0.031158,-0.703417,0.480265,0.636337,-0.034478,0.000358,0.462197,0.635000,-0.052677,0.906856,0.504538,0.637611,-0.052329,0.951930,0.491359,0.636847,-0.003609,0.909809,0.462967,0.635889,-0.029299,0.938125,0.462312,0.635183,-0.052374,0.504480,0.637544,-0.052158,0.491300,0.636942,-0.003952,0.462968,0.635679,-0.029429,-0.192105,1.234419,-0.418600,-0.239401,1.234705,-0.445604,-0.234704,1.233784,-0.400304,-0.216593,1.234744,-0.437057,0.020061,1.229143,0.154130,-0.027589,1.225317,0.147594,0.007573,1.229676,0.116858,-0.027034,1.225876,0.108065
44,0.366667,-0.023091,-0.000079,-0.040188,-0.998925,-0.220684,1.234412,-0.425396,0.000263,-0.191887,1.234536,-0.418587,0.941751,-0.239541,1.234855,-0.445733,0.938104,-0.234791,1.233750,-0.400136,0.948721,-0.216516,1.234508,-0.437128,0.936555,-0.033561,-0.603312,-0.008003,-0.796758,-0.006739,1.227514,0.131666,0.000239,0.020228,1.229174,0.154286,0.944531,-0.027728,1.225296,0.147680,0.956729,0.007620,1.229667,0.116687,0.955384,-0.027076,1.225919,0.108010,0.979845,-0.010721,-0.710021,-0.031416,-0.703398,0.480276,0.636346,-0.034477,0.000361,0.462207,0.635013,-0.052676,0.906856,0.504547,0.637635,-0.052328,0.951930,0.491371,0.636845,-0.003608,0.909809,0.462978,0.635891,-0.029297,0.938125,0.462303,0.635183,-0.052369,0.504499,0.637573,-0.052154,0.491302,0.636932,-0.003956,0.462999,0.635696,-0.029430,-0.192098,1.234416,-0.418594,-0.239417,1.234707,-0.445635,-0.234650,1.233779,-0.400283,-0.216568,1.234748,-0.437071,0.020065,1.229144,0.154124,-0.027576,1.225330,0.147614,0.007592,1.229688,0.116858,-0.027038,1.225894,0.108069
45,0.375000,-0.022813,0.000031,-0.040100,-0.998935,-0.220694,1.234416,-0.425394,0.000275,-0.191899,1.234538,-0.418578,0.940647,-0.239546,1.234852,-0.445736,0.938469,-0.234808,1.233770,-0.400137,0.950712,-0.216523,1.234505,-0.437125,0.935493,-0.033396,-0.603244,-0.007899,-0.796818,-0.006737,1.227510,0.131664,0.000241,0.020226,1.229180,0.154288,0.944484,-0.027729,1.225298,0.147675,0.953836,0.007624,1.229658,0.116686,0.956173,-0.027070,1.225904,0.108005,0.983038,-0.010754,-0.709977,-0.031308,-0.703447,0.480262,0.636332,-0.034476,0.000355,0.462195,0.635001,-0.052677,0.908156,0.504537,0.637614,-0.052324,0.952362,0.491353,0.636832,-0.003605,0.910179,0.462964,0.635881,-0.029298,0.937332,0.462295,0.635185,-0.052375,0.504486,0.637546,-0.052153,0.491290,0.636927,-0.003945,0.462978,0.635668,-0.029430,-0.192100,1.234415,-0.418605,-0.239407,1.234697,-0.445604,-0.234696,1.233800,-0.400297,-0.216572,1.234752,-0.437070,0.020065,1.229153,0.154137,-0.027564,1.225330,0.147600,0.007587,1.229672,0.116857,-0.027037,1.225884,0.108061
46,0.383333,-0.023061,-0.000104,-0.040250,-0.998923,-0.220688,1.234406,-0.425393,0.000270,-0.191891,1.234534,-0.418585,0.940244,-0.239546,1.234846,-0.445729,0.945012,-0.234795,1.233743,-0.400132,0.948165,-0.216520,1.234502,-0.437125,0.938876,-0.033689,-0.603180,-0.009139,-0.796841,-0.006714,1.227531,0.131676,0.000249,0.020242,1.229200,0.154310,0.935171,-0.027705,1.225254,0.147679,0.960786,0.007647,1.229732,0.116706,0.950211,-0.027039,1.225940,0.108010,0.978147,-0.010662,-0.709892,-0.031425,-0.703528,0.480267,0.636334,-0.034473,0.000345,0.462205,0.634998,-0.052678,0.911611,0.504545,0.637624,-0.052315,0.954697,0.491350,0.636836,-0.003599,0.913061,0.462967,0.635878,-0.029299,0.942065,0.462301,0.635165,-0.052382,0.504498,0.637563,-0.052151,0.491287,0.636921,-0.003930,0.462981,0.635686,-0.029428,-0.192099,1.234418,-0.418599,-0.239421,1.234702,-0.445620,-0.234662,1.233772,-0.400289,-0.216570,1.234733,-0.437063,0.020071,1.229148,0.154122,-0.027572,1.225305,0.147613,0.007683,1.229788,0.116893,-0.027036,1.225883,0.108077
47,0.391667,-0.022779,0.000078,-0.040157,-0.998934,-0.220695,1.234418,-0.425403,0.000258,-0.191901,1.234544,-0.418584,0.940244,-0.239545,1.234850,-0.445747,0.945012,-0.234812,1.233772,-0.400147,0.948165,-0.216523,1.234506,-0.437133,0.938876,-0.033689,-0.603177,-0.009204,-0.796843,-0.006711,1.227538,0.131672,0.000246,0.020244,1.229208,0.154306,0.935171,-0.027702,1.225257,0.147674,0.960786,0.007650,1.229741,0.116702,0.950211,-0.027035,1.225946,0.108006,0.978147,-0.010602,-0.710031,-0.031270,-0.703396,0.480262,0.636334,-0.034480,0.000354,0.462193,0.634995,-0.052678,0.911611,0.504534,0.637616,-0.052332,0.954697,0.491357,0.636844,-0.003611,0.913061,0.462964,0.635882,-0.029300,0.942065,0.462294,0.635172,-0.052383,0.504481,0.637551,-0.052156,0.491298,0.636936,-0.003956,0.462975,0.635678,-0.029427,-0.192099,1.234426,-0.418612,-0.239418,1.234703,-0.445630,-0.234702,1.233801,-0.400293,-0.216562,1.234743,-0.437076,0.020072,1.229156,0.154124,-0.027562,1.225309,0.147612,0.007681,1.229797,0.116886,-0.027035,1.225889,0.108065
48,0.400000,-0.023029,-0.000106,-0.040198,-0.998926,-0.220696,1.234415,-0.425389,0.000270,-0.191899,1.234540,-0.418581,0.941444,-0.239554,1.234855,-0.445726,0.943868,-0.234803,1.233755,-0.400128,0.948476,-0.216529,1.234509,-0.437121,0.936933,-0.033538,-0.603250,-0.008114,-0.796806,-0.006751,1.227502,0.131668,0.000245,0.020212,1.229166,0.154293,0.940961,-0.027742,1.225279,0.147678,0.957287,0.007610,1.229660,0.116691,0.955975,-0.027083,1.225905,0.108009,0.981368,-0.010569,-0.710004,-0.031349,-0.703421,0.480260,0.636334,-0.034473,0.000344,0.462192,0.634993,-0.052673,0.913072,0.504533,0.637620,-0.052323,0.954000,0.491353,0.636844,-0.003604,0.911186,0.462962,0.635879,-0.029294,0.942934,0.462288,0.635163,-0.052385,0.504487,0.637558,-0.052156,0.491288,0.636931,-0.003942,0.462977,0.635683,-0.029411,-0.192101,1.234422,-0.418598,-0.239421,1.234708,-0.445619,-0.234671,1.233784,-0.400284,-0.216592,1.234744,-0.437055,0.020046,1.229141,0.154127,-0.027586,1.225308,0.147614,0.007577,1.229671,0.116863,-0.027039,1.225888,0.108066
49,0.408333,-0.023037,-0.000130,-0.040279,-0.998923,-0.220683,1.234415,-0.425391,0.000275,-0.191886,1.234544,-0.418584,0.941444,-0.239542,1.234852,-0.445727,0.943868,-0.234789,1.233752,-0.400130,0.948476,-0.216516,1.234510,-0.437123,0.936933,-0.033459,-0.603327,-0.008237,-0.796750,-0.006741,1.227504,0.131664,0.000245,0.020226,1.229174,0.154285,0.940961,-0.027728,1.225273,0.147679,0.957287,0.007617,1.229666,0.116685,0.955975,-0.027077,1.225901,0.108009,0.981368,-0.010430,-0.709936,-0.031408,-0.703489,0.480273,0.636342,-0.034470,0.000349,0.462209,0.634995,-0.052673,0.913072,0.504549,0.637633,-0.052315,0.954000,0.491359,0.636858,-0.003598,0.911186,0.462974,0.635883,-0.029294,0.942934,0.462310,0.635170,-0.052373,0.504503,0.637569,-0.052145,0.491300,0.636949,-0.003939,0.462978,0.635681,-0.029423,-0.192102,1.234423,-0.418599,-0.239416,1.234702,-0.445622,-0.234648,1.233782,-0.400288,-0.216568,1.234751,-0.437055,0.020063,1.229150,0.154125,-0.027567,1.225304,0.147612,0.007574,1.229676,0.116859,-0.027034,1.225884,0.108061
50,0.416667,-0.022970,0.000078,-0.040051,-0.998934,-0.220698,1.234424,-0.425395,0.000262,-0.191903,1.234542,-0.418577,0.942110,-0.239548,1.234868,-0.445739,0.944405,-0.234814,1.233771,-0.400140,0.951329,-0.216526,1.234516,-0.437126,0.937919,-0.033541,-0.603304,-0.007937,-0.796766,-0.006743,1.227510,0.131669,0.000242,0.020223,1.229171,0.154290,0.943402,-0.027733,1.225296,0.147684,0.956930,0.007616,1.229661,0.116690,0.957190,-0.027080,1.225914,0.108013,0.981471,-0.010448,-0.710006,-0.031574,-0.703410,0.480266,0.636337,-0.034474,0.000358,0.462199,0.634990,-0.052674,0.908241,0.504538,0.637637,-0.052324,0.953134,0.491359,0.636847,-0.003604,0.909648,0.462968,0.635872,-0.029295,0.940509,0.462307,0.635164,-0.052370,0.504485,0.637573,-0.052156,0.491293,0.636936,-0.003948,0.462979,0.635672,-0.029424,-0.192102,1.234424,-0.418599,-0.239420,1.234722,-0.445631,-0.234693,1.233800,-0.400289,-0.216577,1.234751,-0.437063,0.020061,1.229147,0.154134,-0.027575,1.225325,0.147620,0.007572,1.229670,0.116855,-0.027032,1.225899,0.108068
51,0.425000,-0.023194,-0.000082,-0.040224,-0.998922,-0.220690,1.234421,-0.425387,0.000266,-0.191894,1.234545,-0.418578,0.942110,-0.239548,1.234867,-0.445724,0.944405,-0.234798,1.233752,-0.400127,0.951329,-0.216523,1.234519,-0.437119,0.937919,-0.033462,-0.603281,-0.008174,-0.796785,-0.006740,1.227505,0.131666,0.000247,0.020224,1.229174,0.154289,0.943402,-0.027729,1.225278,0.147679,0.956930,0.007620,1.229664,0.116688,0.957190,-0.027073,1.225902,0.108009,0.981471,-0.010450,-0.710024,-0.031378,-0.703400,0.480265,0.636338,-0.034478,0.000358,0.462196,0.634991,-0.052677,0.908241,0.504536,0.637627,-0.052329,0.953134,0.491359,0.636854,-0.003609,0.909648,0.462967,0.635879,-0.029298,0.940509,0.462300,0.635169,-0.052368,0.504488,0.637562,-0.052161,0.491292,0.636945,-0.003954,0.462979,0.635675,-0.029430,-0.192093,1.234428,-0.418594,-0.239421,1.234721,-0.445614,-0.234670,1.233781,-0.400284,-0.216578,1.234753,-0.437056,0.020056,1.229148,0.154130,-0.027571,1.225309,0.147611,0.007584,1.229678,0.116853,-0.027028,1.225884,0.108072
52,0.433333,-0.022887,0.000162,-0.040186,-0.998930,-0.220690,1.234426,-0.425386,0.000275,-0.191897,1.234552,-0.418563,0.942187,-0.239537,1.234861,-0.445733,0.938698,-0.234810,1.233773,-0.400133,0.950112,-0.216516,1.234517,-0.437116,0.935319,-0.033525,-0.603378,-0.008181,-0.796709,-0.006737,1.227513,0.131674,0.000259,0.020233,1.229179,0.154291,0.940921,-0.027722,1.225286,0.147691,0.953649,0.007619,1.229674,0.116693,0.957248,-0.027076,1.225915,0.108021,0.977463,-0.010584,-0.709996,-0.031243,-0.703433,0.480270,0.636337,-0.034473,0.000357,0.462203,0.634997,-0.052673,0.911730,0.504543,0.637617,-0.052323,0.950681,0.491362,0.636849,-0.003603,0.910867,0.462972,0.635885,-0.029295,0.940353,0.462298,0.635170,-0.052380,0.504485,0.637554,-0.052145,0.491300,0.636938,-0.003943,0.462995,0.635687,-0.029425,-0.192091,1.234429,-0.418592,-0.239397,1.234708,-0.445602,-0.234700,1.233803,-0.400297,-0.216572,1.234762,-0.437054,0.020061,1.229153,0.154131,-0.027557,1.225317,0.147614,0.007575,1.229686,0.116858,-0.027026,1.225898,0.108094
53,0.441667,-0.022917,0.000149,-0.040071,-0.998934,-0.220697,1.234438,-0.425385,0.000273,-0.191903,1.234557,-0.418562,0.942187,-0.239544,1.234879,-0.445731,0.938698,-0.234817,1.233787,-0.400131,0.950112,-0.216523,1.234529,-0.437115,0.935319,-0.033467,-0.603359,-0.008223,-0.796725,-0.006746,1.227510,0.131667,0.000241,0.020222,1.229180,0.154285,0.940921,-0.027732,1.225281,0.147683,0.953649,0.007610,1.229672,0.116686,0.957248,-0.027084,1.225908,0.108013,0.977463,-0.010647,-0.709895,-0.031260,-0.703533,0.480267,0.636347,-0.034467,0.000342,0.462204,0.635011,-0.052672,0.911730,0.504545,0.637627,-0.052309,0.950681,0.491350,0.636854,-0.003594,0.910867,0.462967,0.635896,-0.029293,0.940353,0.462303,0.635190,-0.052390,0.504494,0.637561,-0.052137,0.491295,0.636948,-0.003929,0.462975,0.635689,-0.029413,-0.192108,1.234433,-0.418587,-0.239417,1.234725,-0.445608,-0.234697,1.233818,-0.400293,-0.216566,1.234776,-0.437050,0.020068,1.229159,0.154130,-0.027578,1.225308,0.147611,0.007567,1.229679,0.116855,-0.027041,1.225895,0.108071
54,0.450000,-0.023342,-0.000008,-0.040301,-0.998915,-0.220685,1.234430,-0.425388,0.000272,-0.191889,1.234557,-0.418575,0.938931,-0.239539,1.234880,-0.445728,0.943057,-0.234796,1.233752,-0.400130,0.948809,-0.216515,1.234533,-0.437120,0.935814,-0.033423,-0.603350,-0.008095,-0.796735,-0.006738,1.227512,0.131664,0.000250,0.020230,1.229183,0.154282,0.943461,-0.027725,1.225289,0.147680,0.954385,0.007619,1.229668,0.116683,0.954878,-0.027076,1.225907,0.108010,0.981029,-0.010520,-0.709964,-0.031419,-0.703458,0.480274,0.636339,-0.034468,0.000344,0.462209,0.634996,-0.052670,0.911760,0.504548,0.637630,-0.052315,0.953024,0.491363,0.636849,-0.003597,0.910543,0.462975,0.635881,-0.029291,0.941253,0.462302,0.635169,-0.052376,0.504507,0.637567,-0.052143,0.491304,0.636939,-0.003938,0.462984,0.635681,-0.029415,-0.192100,1.234435,-0.418594,-0.239406,1.234729,-0.445621,-0.234663,1.233781,-0.400283,-0.216571,1.234775,-0.437055,0.020070,1.229162,0.154123,-0.027563,1.225317,0.147601,0.007575,1.229675,0.116858,-0.027035,1.225894,0.108072
55,0.458333,-0.023191,-0.000074,-0.040159,-0.998924,-0.220682,1.234428,-0.425388,0.000271,-0.191886,1.234548,-0.418578,0.938931,-0.239539,1.234876,-0.445725,0.943057,-0.234790,1.233761,-0.400128,0.948809,-0.216514,1.234526,-0.437120,0.935814,-0.033472,-0.603346,-0.008215,-0.796734,-0.006732,1.227517,0.131667,0.000248,0.020235,1.229186,0.154286,0.943461,-0.027719,1.225288,0.147682,0.954385,0.007624,1.229678,0.116687,0.954878,-0.027070,1.225915,0.108012,0.981029,-0.010451,-0.710036,-0.031302,-0.703392,0.480273,0.636344,-0.034474,0.000351,0.462205,0.634997,-0.052672,0.911760,0.504545,0.637629,-0.052326,0.953024,0.491369,0.636862,-0.003605,0.910543,0.462976,0.635888,-0.029293,0.941253,0.462298,0.635163,-0.052367,0.504507,0.637569,-0.052156,0.491302,0.636947,-0.003952,0.462987,0.635697,-0.029421,-0.192097,1.234429,-0.418597,-0.239410,1.234728,-0.445617,-0.234658,1.233790,-0.400281,-0.216565,1.234764,-0.437056,0.020079,1.229169,0.154125,-0.027566,1.225313,0.147607,0.007580,1.229681,0.116860,-0.027023,1.225906,0.108075
56,0.466667,-0.023250,-0.000113,-0.040221,-0.998920,-0.220682,1.234432,-0.425377,0.000279,-0.191885,1.234555,-0.418570,0.938173,-0.239541,1.234880,-0.445713,0.939090,-0.234788,1.233760,-0.400116,0.951562,-0.216515,1.234532,-0.437109,0.935561,-0.033530,-0.603324,-0.008140,-0.796750,-0.006736,1.227512,0.131668,0.000247,0.020231,1.229176,0.154288,0.943399,-0.027724,1.225287,0.147683,0.953709,0.007622,1.229670,0.116689,0.958218,-0.027072,1.225914,0.108013,0.981359,-0.010585,-0.709894,-0.031405,-0.703528,0.480273,0.636338,-0.034477,0.000355,0.462211,0.634999,-0.052683,0.911673,0.504551,0.637628,-0.052320,0.951411,0.491356,0.636845,-0.003604,0.909017,0.462973,0.635882,-0.029304,0.941585,0.462314,0.635174,-0.052394,0.504496,0.637563,-0.052145,0.491292,0.636936,-0.003951,0.462990,0.635680,-0.029421,-0.192098,1.234434,-0.418601,-0.239390,1.234729,-0.445596,-0.234667,1.233790,-0.400264,-0.216575,1.234775,-0.437047,0.020063,1.229156,0.154138,-0.027555,1.225313,0.147612,0.007579,1.229675,0.116850,-0.027029,1.225903,0.108073
57,0.475000,-0.023239,-0.000031,-0.040390,-0.998914,-0.220688,1.234433,-0.425383,0.000271,-0.191892,1.234566,-0.418571,0.938173,-0.239543,1.234875,-0.445722,0.939090,-0.234798,1.233757,-0.400125,0.951562,-0.216519,1.234534,-0.437115,0.935561,-0.033612,-0.603320,-0.008244,-0.796748,-0.006739,1.227511,0.131668,0.000247,0.020227,1.229172,0.154289,0.943399,-0.027728,1.225281,0.147682,0.953709,0.007618,1.229675,0.116689,0.958218,-0.027076,1.225918,0.108012,0.981359,-0.010113,-0.709984,-0.031365,-0.703446,0.480266,0.636336,-0.034467,0.000346,0.462201,0.634972,-0.052668,0.911673,0.504540,0.637628,-0.052316,0.951411,0.491356,0.636872,-0.003597,0.909017,0.462968,0.635872,-0.029289,0.941585,0.462298,0.635156,-0.052374,0.504490,0.637561,-0.052142,0.491302,0.636968,-0.003932,0.462976,0.635661,-0.029421,-0.192108,1.234442,-0.418590,-0.239413,1.234720,-0.445611,-0.234666,1.233788,-0.400275,-0.216564,1.234783,-0.437056,0.020065,1.229157,0.154135,-0.027569,1.225302,0.147606,0.007577,1.229673,0.116852,-0.027031,1.225913,0.108079
58,0.483333,-0.023327,-0.000098,-0.040222,-0.998918,-0.220676,1.234439,-0.425376,0.000285,-0.191879,1.234562,-0.418568,0.934776,-0.239534,1.234891,-0.445712,0.939297,-0.234782,1.233764,-0.400116,0.948138,-0.216509,1.234541,-0.437109,0.934839,-0.033506,-0.603332,-0.008403,-0.796742,-0.006737,1.227511,0.131676,0.000248,0.020229,1.229181,0.154297,0.944639,-0.027724,1.225272,0.147690,0.954774,0.007620,1.229681,0.116698,0.957429,-0.027073,1.225911,0.108021,0.980239,-0.010395,-0.709935,-0.031533,-0.703484,0.480276,0.636357,-0.034468,0.000339,0.462213,0.635008,-0.052671,0.910639,0.504551,0.637656,-0.052312,0.952124,0.491362,0.636872,-0.003595,0.912561,0.462977,0.635893,-0.029292,0.937257,0.462300,0.635189,-0.052375,0.504511,0.637590,-0.052137,0.491313,0.636967,-0.003928,0.462978,0.635683,-0.029429,-0.192107,1.234436,-0.418590,-0.239395,1.234734,-0.445589,-0.234650,1.233795,-0.400273,-0.216552,1.234792,-0.437054,0.020069,1.229164,0.154145,-0.027563,1.225297,0.147612,0.007576,1.229682,0.116862,-0.027030,1.225903,0.108086
59,0.491667,-0.023218,-0.000059,-0.040328,-0.998917,-0.220682,1.234443,-0.425376,0.000266,-0.191886,1.234572,-0.418566,0.934776,-0.239539,1.234886,-0.445714,0.939297,-0.234791,1.233769,-0.400117,0.948138,-0.216514,1.234542,-0.437108,0.934839,-0.033401,-0.603372,-0.008067,-0.796719,-0.006729,1.227524,0.131668,0.000252,0.020240,1.229196,0.154284,0.944639,-0.027715,1.225303,0.147685,0.954774,0.007627,1.229679,0.116686,0.957429,-0.027068,1.225919,0.108015,0.980239,-0.010178,-0.709918,-0.031515,-0.703505,0.480277,0.636349,-0.034467,0.000339,0.462215,0.634989,-0.052671,0.910639,0.504553,0.637649,-0.052311,0.952124,0.491361,0.636877,-0.003595,0.912561,0.462978,0.635882,-0.029293,0.937257,0.462300,0.635168,-0.052379,0.504514,0.637584,-0.052138,0.491305,0.636971,-0.003929,0.462987,0.635675,-0.029424,-0.192100,1.234446,-0.418587,-0.239418,1.234728,-0.445611,-0.234660,1.233800,-0.400266,-0.216551,1.234796,-0.437042,0.020076,1.229181,0.154131,-0.027548,1.225326,0.147602,0.007586,1.229677,0.116856,-0.027031,1.225912,0.108081
60,0.500000,-0.023439,-0.000055,-0.040228,-0.998916,-0.220682,1.234446,-0.425382,0.000271,-0.191885,1.234567,-0.418572,0.937605,-0.239538,1.234902,-0.445720,0.944048,-0.234790,1.233764,-0.400123,0.949866,-0.216514,1.234550,-0.437114,0.933872,-0.033457,-0.603379,-0.008172,-0.796711,-0.006735,1.227517,0.131669,0.000245,0.020235,1.229187,0.154286,0.943684,-0.027720,1.225291,0.147687,0.952996,0.007621,1.229677,0.116688,0.956289,-0.027074,1.225915,0.108017,0.980852,-0.010267,-0.709940,-0.031610,-0.703477,0.480283,0.636355,-0.034476,0.000342,0.462220,0.634999,-0.052679,0.911652,0.504558,0.637659,-0.052321,0.952691,0.491370,0.636875,-0.003604,0.912032,0.462984,0.635886,-0.029300,0.938650,0.462313,0.635183,-0.052384,0.504516,0.637592,-0.052150,0.491314,0.636971,-0.003938,0.462989,0.635673,-0.029431,-0.192089,1.234445,-0.418594,-0.239405,1.234750,-0.445607,-0.234665,1.233795,-0.400279,-0.216568,1.234794,-0.437050,0.020082,1.229177,0.154135,-0.027564,1.225309,0.147606,0.007574,1.229669,0.116854,-0.027030,1.225914,0.108082
61,0.508333,-0.023291,-0.000123,-0.040208,-0.998920,-0.220670,1.234441,-0.425376,0.000280,-0.191873,1.234563,-0.418569,0.937690,-0.239530,1.234891,-0.445711,0.938525,-0.234776,1.233767,-0.400115,0.949046,-0.216504,1.234541,-0.437108,0.934312,-0.033439,-0.603341,-0.008021,-0.796742,-0.006729,1.227522,0.131675,0.000251,0.020239,1.229191,0.154294,0.943534,-0.027717,1.225304,0.147691,0.955130,0.007628,1.229676,0.116695,0.956539,-0.027067,1.225919,0.108021,0.980078,-0.010109,-0.709972,-0.031342,-0.703459,0.480286,0.636352,-0.034466,0.000344,0.462222,0.634988,-0.052667,0.913084,0.504560,0.637642,-0.052313,0.950601,0.491375,0.636889,-0.003595,0.911405,0.462988,0.635889,-0.029289,0.939842,0.462319,0.635168,-0.052386,0.504508,0.637576,-0.052135,0.491324,0.636983,-0.003933,0.462994,0.635682,-0.029411,-0.192086,1.234436,-0.418593,-0.239393,1.234733,-0.445581,-0.234655,1.233799,-0.400275,-0.216548,1.234794,-0.437053,0.020076,1.229178,0.154138,-0.027555,1.225324,0.147617,0.007581,1.229671,0.116862,-0.027018,1.225917,0.108084
62,0.516667,-0.023404,-0.000080,-0.040227,-0.998916,-0.220689,1.234449,-0.425380,0.000282,-0.191892,1.234570,-0.418571,0.937690,-0.239547,1.234903,-0.445716,0.938525,-0.234797,1.233769,-0.400120,0.949046,-0.216522,1.234552,-0.437112,0.934312,-0.033353,-0.603371,-0.007985,-0.796723,-0.006735,1.227526,0.131669,0.000253,0.020235,1.229200,0.154286,0.943534,-0.027721,1.225309,0.147687,0.955130,0.007622,1.229677,0.116687,0.956539,-0.027074,1.225917,0.108017,0.980078,-0.009991,-0.709940,-0.031459,-0.703488,0.480282,0.636349,-0.034463,0.000335,0.462220,0.634979,-0.052666,0.913084,0.504557,0.637648,-0.052309,0.950601,0.491367,0.636890,-0.003591,0.911405,0.462983,0.635881,-0.029288,0.939842,0.462306,0.635156,-0.052385,0.504514,0.637583,-0.052129,0.491321,0.636982,-0.003925,0.462986,0.635677,-0.029415,-0.192102,1.234447,-0.418592,-0.239410,1.234750,-0.445601,-0.234664,1.233800,-0.400285,-0.216581,1.234798,-0.437041,0.020077,1.229186,0.154134,-0.027558,1.225331,0.147605,0.007569,1.229673,0.116855,-0.027025,1.225914,0.108084
63,0.525000,-0.023373,-0.000005,-0.040291,-0.998915,-0.220671,1.234453,-0.425376,0.000264,-0.191875,1.234578,-0.418563,0.939385,-0.239525,1.234904,-0.445716,0.943018,-0.234782,1.233773,-0.400119,0.950445,-0.216501,1.234556,-0.437108,0.934734,-0.033537,-0.603318,-0.008337,-0.796752,-0.006734,1.227524,0.131677,0.000245,0.020231,1.229191,0.154298,0.946049,-0.027722,1.225288,0.147690,0.955333,0.007623,1.229690,0.116698,0.957497,-0.027070,1.225925,0.108021,0.980134,-0.009862,-0.710010,-0.031498,-0.703417,0.480280,0.636355,-0.034464,0.000331,0.462215,0.634978,-0.052663,0.913253,0.504552,0.637656,-0.052314,0.951803,0.491371,0.636902,-0.003594,0.914602,0.462983,0.635882,-0.029285,0.938050,0.462299,0.635156,-0.052377,0.504511,0.637591,-0.052137,0.491329,0.636995,-0.003920,0.462981,0.635675,-0.029421,-0.192082,1.234453,-0.418580,-0.239397,1.234748,-0.445609,-0.234653,1.233803,-0.400266,-0.216551,1.234806,-0.437050,0.020077,1.229182,0.154148,-0.027566,1.225305,0.147606,0.007584,1.229681,0.116864,-0.027032,1.225926,0.108090
64,0.533333,-0.023423,0.000020,-0.040216,-0.998917,-0.220681,1.234449,-0.425373,0.000271,-0.191886,1.234569,-0.418559,0.939385,-0.239535,1.234905,-0.445713,0.943018,-0.234793,1.233768,-0.400116,0.950445,-0.216511,1.234553,-0.437104,0.934734,-0.033432,-0.603359,-0.008179,-0.796726,-0.006735,1.227522,0.131681,0.000240,0.020233,1.229194,0.154299,0.946049,-0.027721,1.225295,0.147698,0.955333,0.007621,1.229682,0.116700,0.957497,-0.027073,1.225918,0.108028,0.980134,-0.010051,-0.709969,-0.031477,-0.703457,0.480277,0.636348,-0.034462,0.000331,0.462213,0.634981,-0.052663,0.913253,0.504550,0.637647,-0.052309,0.951803,0.491365,0.636885,-0.003590,0.914602,0.462978,0.635880,-0.029284,0.938050,0.462293,0.635172,-0.052378,0.504510,0.637577,-0.052133,0.491319,0.636986,-0.003915,0.462985,0.635658,-0.029420,-0.192098,1.234445,-0.418584,-0.239402,1.234750,-0.445606,-0.234666,1.233799,-0.400264,-0.216559,1.234802,-0.437038,0.020074,1.229186,0.154150,-0.027569,1.225310,0.147624,0.007583,1.229671,0.116854,-0.027029,1.225922,0.108095
65,0.541667,-0.023419,-0.000108,-0.040275,-0.998914,-0.220682,1.234447,-0.425378,0.000274,-0.191885,1.234571,-0.418570,0.940916,-0.239541,1.234900,-0.445713,0.940911,-0.234788,1.233766,-0.400117,0.948494,-0.216515,1.234552,-0.437110,0.934766,-0.033508,-0.603353,-0.008203,-0.796728,-0.006736,1.227517,0.131680,0.000245,0.020232,1.229184,0.154298,0.945325,-0.027723,1.225288,0.147696,0.957035,0.007620,1.229678,0.116699,0.958377,-0.027074,1.225917,0.108026,0.979029,-0.010256,-0.709880,-0.031577,-0.703539,0.480281,0.636354,-0.034470,0.000337,0.462222,0.634997,-0.052676,0.911598,0.504560,0.637656,-0.052311,0.952235,0.491363,0.636875,-0.003596,0.913123,0.462982,0.635886,-0.029297,0.938321,0.462319,0.635179,-0.052388,0.504513,0.637590,-0.052138,0.491315,0.636970,-0.003927,0.462980,0.635676,-0.029426,-0.192086,1.234448,-0.418592,-0.239406,1.234747,-0.445595,-0.234664,1.233796,-0.400279,-0.216574,1.234797,-0.437045,0.020075,1.229174,0.154146,-0.027570,1.225305,0.147619,0.007576,1.229668,0.116860,-0.027026,1.225919,0.108094
66,0.550000,-0.023584,0.000055,-0.040369,-0.998906,-0.220678,1.234451,-0.425377,0.000266,-0.191883,1.234578,-0.418561,0.940916,-0.239531,1.234908,-0.445719,0.940911,-0.234792,1.233758,-0.400121,0.948494,-0.216508,1.234560,-0.437108,0.934766,-0.033476,-0.603298,-0.008269,-0.796770,-0.006734,1.227512,0.131670,0.000248,0.020231,1.229182,0.154293,0.945325,-0.027723,1.225280,0.147683,0.957035,0.007625,1.229676,0.116692,0.958377,-0.027068,1.225910,0.108013,0.979029,-0.010069,-0.709960,-0.031695,-0.703457,0.480281,0.636351,-0.034460,0.000336,0.462218,0.634985,-0.052662,0.911598,0.504555,0.637663,-0.052307,0.952235,0.491369,0.636880,-0.003589,0.913123,0.462983,0.635876,-0.029283,0.938321,0.462308,0.635162,-0.052368,0.504522,0.637598,-0.052134,0.491316,0.636973,-0.003929,0.462979,0.635671,-0.029410,-0.192093,1.234453,-0.418572,-0.239402,1.234753,-0.445611,-0.234658,1.233789,-0.400271,-0.216561,1.234809,-0.437056,0.020073,1.229176,0.154142,-0.027566,1.225295,0.147596,0.007587,1.229663,0.116854,-0.027029,1.225915,0.108089
67,0.558333,-0.023439,-0.000007,-0.040297,-0.998913,-0.220679,1.234450,-0.425377,0.000274,-0.191883,1.234575,-0.418564,0.938233,-0.239533,1.234904,-0.445716,0.941721,-0.234790,1.233767,-0.400119,0.949777,-0.216509,1.234555,-0.437108,0.934680,-0.033432,-0.603324,-0.008326,-0.796751,-0.006729,1.227518,0.131676,0.000242,0.020237,1.229192,0.154296,0.946849,-0.027716,1.225283,0.147690,0.956145,0.007628,1.229684,0.116697,0.958095,-0.027064,1.225913,0.108020,0.980224,-0.010053,-0.709910,-0.031601,-0.703512,0.480282,0.636349,-0.034465,0.000334,0.462222,0.634982,-0.052669,0.913361,0.504559,0.637655,-0.052308,0.951378,0.491366,0.636882,-0.003592,0.914001,0.462983,0.635877,-0.029290,0.938768,0.462306,0.635157,-0.052382,0.504517,0.637591,-0.052129,0.491322,0.636973,-0.003920,0.462985,0.635674,-0.029428,-0.192095,1.234451,-0.418587,-0.239397,1.234749,-0.445607,-0.234660,1.233797,-0.400270,-0.216563,1.234803,-0.437044,0.020084,1.229185,0.154149,-0.027562,1.225298,0.147607,0.007587,1.229671,0.116859,-0.027025,1.225917,0.108088
68,0.566667,-0.023103,0.000116,-0.040037,-0.998931,-0.220680,1.234463,-0.425382,0.000273,-0.191886,1.234578,-0.418561,0.938233,-0.239529,1.234913,-0.445726,0.941721,-0.234798,1.233804,-0.400127,0.949777,-0.216508,1.234558,-0.437112,0.934680,-0.033404,-0.603393,-0.008231,-0.796702,-0.006733,1.227521,0.131682,0.000242,0.020237,1.229195,0.154298,0.946849,-0.027718,1.225291,0.147701,0.956145,0.007622,1.229682,0.116701,0.958095,-0.027073,1.225915,0.108030,0.980224,-0.009969,-0.710006,-0.031409,-0.703424,0.480281,0.636358,-0.034466,0.000344,0.462216,0.634987,-0.052665,0.913361,0.504553,0.637654,-0.052315,0.951378,0.491372,0.636902,-0.003596,0.914001,0.462983,0.635891,-0.029287,0.938768,0.462308,0.635156,-0.052372,0.504505,0.637592,-0.052142,0.491319,0.636989,-0.003928,0.462992,0.635696,-0.029421,-0.192088,1.234453,-0.418581,-0.239400,1.234757,-0.445604,-0.234675,1.233835,-0.400290,-0.216558,1.234808,-0.437051,0.020091,1.229189,0.154146,-0.027571,1.225305,0.147614,0.007581,1.229670,0.116870,-0.027033,1.225918,0.108100
69,0.575000,-0.023315,-0.000113,-0.040215,-0.998919,-0.220672,1.234455,-0.425379,0.000271,-0.191875,1.234577,-0.418572,0.939022,-0.239531,1.234906,-0.445714,0.942093,-0.234778,1.233780,-0.400118,0.948648,-0.216505,1.234556,-0.437111,0.933489,-0.033391,-0.603397,-0.008272,-0.796699,-0.006733,1.227520,0.131676,0.000237,0.020237,1.229196,0.154291,0.948104,-0.027718,1.225287,0.147694,0.957936,0.007621,1.229683,0.116694,0.959122,-0.027073,1.225912,0.108024,0.980211,-0.010013,-0.709986,-0.031636,-0.703434,0.480275,0.636350,-0.034468,0.000331,0.462211,0.634981,-0.052669,0.912913,0.504548,0.637658,-0.052316,0.952545,0.491365,0.636884,-0.003598,0.912467,0.462977,0.635876,-0.029290,0.938329,0.462294,0.635164,-0.052384,0.504513,0.637592,-0.052142,0.491315,0.636980,-0.003931,0.462979,0.635664,-0.029416,-0.192082,1.234450,-0.418589,-0.239401,1.234748,-0.445604,-0.234647,1.233811,-0.400273,-0.216557,1.234809,-0.437048,0.020087,1.229193,0.154147,-0.027568,1.225299,0.147618,0.007575,1.229665,0.116850,-0.027028,1.225922,0.108088
70,0.583333,-0.023258,-0.000048,-0.040173,-0.998922,-0.220684,1.234443,-0.425380,0.000271,-0.191887,1.234563,-0.418569,0.939022,-0.239540,1.234893,-0.445718,0.942093,-0.234793,1.233772,-0.400121,0.948648,-0.216515,1.234542,-0.437112,0.933489,-0.033592,-0.603330,-0.008206,-0.796742,-0.006730,1.227515,0.131676,0.000252,0.020237,1.229176,0.154296,0.948104,-0.027718,1.225286,0.147690,0.957936,0.007628,1.229676,0.116697,0.959122,-0.027067,1.225920,0.108020,0.980211,-0.010136,-0.709935,-0.031549,-0.703487,0.480286,0.636356,-0.034468,0.000339,0.462224,0.634993,-0.052671,0.912913,0.504562,0.637658,-0.052313,0.952545,0.491372,0.636885,-0.003596,0.912467,0.462987,0.635887,-0.029292,0.938329,0.462313,0.635171,-0.052377,0.504518,0.637593,-0.052147,0.491312,0.636978,-0.003922,0.463001,0.635681,-0.029425,-0.192097,1.234435,-0.418593,-0.239407,1.234734,-0.445608,-0.234667,1.233803,-0.400271,-0.216565,1.234798,-0.437046,0.020071,1.229167,0.154145,-0.027557,1.225302,0.147606,0.007590,1.229666,0.116853,-0.027023,1.225923,0.108100
71,0.591667,-0.023017,0.000143,-0.040058,-0.998932,-0.220679,1.234449,-0.425375,0.000292,-0.191885,1.234565,-0.418552,0.939601,-0.239527,1.234895,-0.445720,0.935448,-0.234798,1.233793,-0.400121,0.949010,-0.216506,1.234542,-0.437105,0.934502,-0.033470,-0.603364,-0.008099,-0.796722,-0.006731,1.227515,0.131675,0.000251,0.020238,1.229183,0.154292,0.943944,-0.027718,1.225292,0.147692,0.955693,0.007625,1.229671,0.116694,0.958864,-0.027070,1.225913,0.108022,0.977573,-0.010069,-0.709916,-0.031496,-0.703510,0.480280,0.636345,-0.034468,0.000328,0.462219,0.634979,-0.052672,0.910845,0.504556,0.637645,-0.052311,0.953733,0.491363,0.636880,-0.003595,0.914022,0.462981,0.635876,-0.029293,0.936445,0.462311,0.635167,-0.052383,0.504519,0.637576,-0.052144,0.491317,0.636979,-0.003921,0.462972,0.635658,-0.029424,-0.192091,1.234444,-0.418587,-0.239368,1.234742,-0.445586,-0.234683,1.233823,-0.400287,-0.216574,1.234786,-0.437039,0.020075,1.229168,0.154138,-0.027562,1.225313,0.147610,0.007584,1.229669,0.116853,-0.027023,1.225909,0.108097
72,0.600000,-0.023481,0.000071,-0.040344,-0.998910,-0.220677,1.234445,-0.425372,0.000281,-0.191883,1.234572,-0.418554,0.939601,-0.239529,1.234899,-0.445714,0.935448,-0.234792,1.233758,-0.400116,0.949010,-0.216506,1.234552,-0.437103,0.934502,-0.033657,-0.603337,-0.008120,-0.796735,-0.006736,1.227522,0.131677,0.000247,0.020232,1.229177,0.154296,0.943944,-0.027724,1.225298,0.147692,0.955693,0.007621,1.229681,0.116697,0.958864,-0.027074,1.225932,0.108022,0.977573,-0.010222,-0.709940,-0.031345,-0.703490,0.480282,0.636353,-0.034466,0.000342,0.462219,0.634994,-0.052669,0.910845,0.504558,0.637642,-0.052311,0.953733,0.491369,0.636883,-0.003594,0.914022,0.462983,0.635891,-0.029290,0.936445,0.462310,0.635174,-0.052383,0.504506,0.637576,-0.052137,0.491316,0.636976,-0.003922,0.462997,0.635685,-0.029422,-0.192098,1.234447,-0.418577,-0.239386,1.234742,-0.445592,-0.234665,1.233789,-0.400273,-0.216561,1.234803,-0.437044,0.020076,1.229167,0.154137,-0.027578,1.225315,0.147615,0.007580,1.229673,0.116862,-0.027023,1.225932,0.108093
73,0.608333,-0.023391,-0.000008,-0.040166,-0.998919,-0.220675,1.234449,-0.425370,0.000282,-0.191879,1.234567,-0.418557,0.938247,-0.239530,1.234905,-0.445710,0.938980,-0.234786,1.233771,-0.400113,0.948987,-0.216506,1.234552,-0.437102,0.936520,-0.033631,-0.603315,-0.008230,-0.796751,-0.006735,1.227521,0.131681,0.000247,0.020231,1.229179,0.154302,0.944889,-0.027724,1.225291,0.147694,0.955133,0.007623,1.229684,0.116703,0.958482,-0.027071,1.225929,0.108025,0.979321,-0.010045,-0.709956,-0.031422,-0.703473,0.480286,0.636353,-0.034463,0.000335,0.462222,0.634986,-0.052665,0.913507,0.504560,0.637648,-0.052309,0.952104,0.491373,0.636891,-0.003592,0.912913,0.462987,0.635886,-0.029287,0.939977,0.462310,0.635161,-0.052380,0.504519,0.637584,-0.052134,0.491324,0.636983,-0.003924,0.462989,0.635683,-0.029415,-0.192093,1.234446,-0.418581,-0.239387,1.234754,-0.445582,-0.234662,1.233801,-0.400272,-0.216559,1.234794,-0.437047,0.020071,1.229169,0.154151,-0.027566,1.225309,0.147611,0.007586,1.229676,0.116864,-0.027032,1.225928,0.108097
74,0.616667,-0.023134,0.000070,-0.040060,-0.998929,-0.220685,1.234442,-0.425383,0.000270,-0.191890,1.234558,-0.418565,0.938247,-0.239536,1.234893,-0.445726,0.938980,-0.234800,1.233781,-0.400127,0.948987,-0.216513,1.234538,-0.437114,0.936520,-0.033417,-0.603432,-0.008150,-0.796673,-0.006743,1.227515,0.131674,0.000237,0.020230,1.229187,0.154287,0.944889,-0.027726,1.225289,0.147695,0.955133,0.007611,1.229673,0.116691,0.958482,-0.027085,1.225909,0.108024,0.979321,-0.010349,-0.710056,-0.031282,-0.703374,0.480279,0.636346,-0.034471,0.000334,0.462209,0.634994,-0.052667,0.913507,0.504549,0.637630,-0.052324,0.952104,0.491376,0.636871,-0.003602,0.912913,0.462982,0.635889,-0.029289,0.939977,0.462301,0.635171,-0.052384,0.504505,0.637566,-0.052152,0.491325,0.636963,-0.003931,0.462985,0.635684,-0.029415,-0.192098,1.234433,-0.418593,-0.239408,1.234737,-0.445610,-0.234680,1.233811,-0.400283,-0.216553,1.234787,-0.437046,0.020080,1.229175,0.154133,-0.027582,1.225308,0.147621,0.007573,1.229669,0.116855,-0.027041,1.225907,0.108088
75,0.625000,-0.023361,-0.000120,-0.040260,-0.998916,-0.220679,1.234434,-0.425374,0.000281,-0.191882,1.234558,-0.418567,0.939543,-0.239538,1.234885,-0.445709,0.938816,-0.234784,1.233756,-0.400113,0.949479,-0.216512,1.234537,-0.437106,0.935195,-0.033528,-0.603336,-0.008107,-0.796741,-0.006736,1.227512,0.131671,0.000243,0.020232,1.229176,0.154290,0.943523,-0.027724,1.225289,0.147687,0.955945,0.007621,1.229669,0.116691,0.957578,-0.027074,1.225914,0.108017,0.981547,-0.010423,-0.709976,-0.031476,-0.703445,0.480278,0.636336,-0.034471,0.000353,0.462212,0.634988,-0.052672,0.910277,0.504551,0.637631,-0.052318,0.952136,0.491368,0.636850,-0.003600,0.910324,0.462979,0.635874,-0.029293,0.940320,0.462310,0.635161,-0.052373,0.504502,0.637567,-0.052145,0.491306,0.636940,-0.003942,0.462992,0.635674,-0.029424,-0.192088,1.234436,-0.418595,-0.239393,1.234733,-0.445584,-0.234665,1.233786,-0.400273,-0.216570,1.234781,-0.437043,0.020069,1.229160,0.154135,-0.027565,1.225311,0.147612,0.007589,1.229670,0.116858,-0.027036,1.225907,0.108080
76,0.633333,-0.023303,0.000036,-0.040126,-0.998923,-0.220682,1.234428,-0.425379,0.000267,-0.191886,1.234545,-0.418564,0.940100,-0.239534,1.234883,-0.445720,0.942866,-0.234795,1.233757,-0.400123,0.950313,-0.216511,1.234529,-0.437111,0.934755,-0.033447,-0.603374,-0.008221,-0.796714,-0.006740,1.227511,0.131677,0.000256,0.020230,1.229183,0.154294,0.942529,-0.027725,1.225282,0.147694,0.952922,0.007616,1.229673,0.116696,0.956440,-0.027079,1.225908,0.108024,0.979238,-0.010350,-0.709940,-0.031397,-0.703486,0.480279,0.636340,-0.034473,0.000343,0.462215,0.634988,-0.052675,0.912223,0.504555,0.637631,-0.052318,0.950915,0.491365,0.636861,-0.003601,0.912448,0.462980,0.635879,-0.029297,0.937989,0.462309,0.635172,-0.052391,0.504502,0.637564,-0.052141,0.491314,0.636957,-0.003933,0.462990,0.635667,-0.029425,-0.192091,1.234422,-0.418585,-0.239402,1.234729,-0.445615,-0.234668,1.233787,-0.400272,-0.216566,1.234775,-0.437046,0.020063,1.229165,0.154137,-0.027559,1.225307,0.147609,0.007577,1.229675,0.116866,-0.027039,1.225899,0.108096
77,0.641667,-0.023055,0.000129,-0.040247,-0.998924,-0.220684,1.234444,-0.425378,0.000280,-0.191890,1.234571,-0.418557,0.940100,-0.239532,1.234884,-0.445723,0.942866,-0.234802,1.233781,-0.400124,0.950313,-0.216511,1.234540,-0.437108,0.934755,-0.033455,-0.603293,-0.008232,-0.796775,-0.006731,1.227513,0.131673,0.000242,0.020234,1.229184,0.154295,0.942529,-0.027720,1.225283,0.147686,0.952922,0.007628,1.229675,0.116695,0.956440,-0.027065,1.225910,0.108016,0.979238,-0.010344,-0.709904,-0.031323,-0.703525,0.480284,0.636349,-0.034469,0.000356,0.462222,0.634997,-0.052674,0.912223,0.504562,0.637636,-0.052312,0.950915,0.491367,0.636873,-0.003596,0.912448,0.462984,0.635891,-0.029295,0.937989,0.462316,0.635176,-0.052374,0.504511,0.637570,-0.052134,0.491308,0.636965,-0.003940,0.463000,0.635685,-0.029430,-0.192092,1.234443,-0.418597,-0.239386,1.234724,-0.445593,-0.234695,1.233812,-0.400285,-0.216562,1.234796,-0.437038,0.020080,1.229166,0.154139,-0.027572,1.225306,0.147606,0.007592,1.229677,0.116861,-0.027023,1.225901,0.108085
78,0.650000,-0.022977,0.000173,-0.040049,-0.998933,-0.220684,1.234437,-0.425377,0.000283,-0.191891,1.234553,-0.418553,0.940558,-0.239530,1.234881,-0.445724,0.938396,-0.234805,1.233783,-0.400124,0.949393,-0.216510,1.234529,-0.437107,0.935655,-0.033487,-0.603356,-0.008133,-0.796727,-0.006740,1.227512,0.131674,0.000237,0.020229,1.229179,0.154292,0.944111,-0.027727,1.225287,0.147691,0.958864,0.007617,1.229670,0.116694,0.958209,-0.027078,1.225911,0.108021,0.981254,-0.010501,-0.709993,-0.031284,-0.703435,0.480277,0.636355,-0.034461,0.000353,0.462210,0.635011,-0.052661,0.910600,0.504550,0.637638,-0.052310,0.951553,0.491369,0.636871,-0.003591,0.909853,0.462979,0.635901,-0.029282,0.939864,0.462295,0.635182,-0.052359,0.504508,0.637576,-0.052132,0.491308,0.636959,-0.003935,0.462996,0.635704,-0.029419,-0.192093,1.234433,-0.418587,-0.239386,1.234730,-0.445593,-0.234692,1.233813,-0.400289,-0.216565,1.234770,-0.437037,0.020071,1.229165,0.154134,-0.027580,1.225307,0.147619,0.007591,1.229669,0.116859,-0.027041,1.225906,0.108086
79,0.658333,-0.023245,-0.000123,-0.040237,-0.998920,-0.220694,1.234422,-0.425383,0.000270,-0.191897,1.234546,-0.418577,0.940558,-0.239553,1.234869,-0.445719,0.938396,-0.234799,1.233750,-0.400122,0.949393,-0.216527,1.234522,-0.437116,0.935655,-0.033549,-0.603350,-0.008156,-0.796729,-0.006749,1.227508,0.131672,0.000245,0.020219,1.229171,0.154291,0.944111,-0.027736,1.225282,0.147688,0.958864,0.007608,1.229667,0.116692,0.958209,-0.027087,1.225911,0.108018,0.981254,-0.010312,-0.709916,-0.031336,-0.703513,0.480273,0.636336,-0.034467,0.000353,0.462211,0.634983,-0.052671,0.910600,0.504550,0.637624,-0.052310,0.951553,0.491358,0.636861,-0.003594,0.909853,0.462974,0.635877,-0.029292,0.939864,0.462311,0.635159,-0.052375,0.504500,0.637559,-0.052137,0.491296,0.636952,-0.003939,0.462986,0.635674,-0.029417,-0.192102,1.234429,-0.418592,-0.239421,1.234723,-0.445616,-0.234663,1.233779,-0.400276,-0.216590,1.234756,-0.437049,0.020051,1.229150,0.154136,-0.027571,1.225309,0.147616,0.007574,1.229675,0.116858,-0.027050,1.225897,0.108080
80,0.666667,-0.023104,-0.000107,-0.040283,-0.998921,-0.220690,1.234420,-0.425386,0.000271,-0.191893,1.234548,-0.418578,0.939826,-0.239549,1.234860,-0.445722,0.944517,-0.234797,1.233753,-0.400126,0.947925,-0.216523,1.234516,-0.437119,0.935802,-0.033510,-0.603378,-0.008169,-0.796709,-0.006744,1.227500,0.131674,0.000249,0.020226,1.229167,0.154291,0.941310,-0.027730,1.225274,0.147691,0.955405,0.007612,1.229660,0.116693,0.957126,-0.027084,1.225901,0.108021,0.980623,-0.010602,-0.709990,-0.031380,-0.703432,0.480277,0.636334,-0.034469,0.000340,0.462210,0.634995,-0.052670,0.911882,0.504551,0.637622,-0.052318,0.953600,0.491369,0.636841,-0.003599,0.913031,0.462979,0.635878,-0.029291,0.940841,0.462310,0.635169,-0.052380,0.504504,0.637558,-0.052150,0.491315,0.636931,-0.003931,0.462981,0.635678,-0.029417,-0.192101,1.234428,-0.418597,-0.239421,1.234710,-0.445619,-0.234662,1.233783,-0.400282,-0.216577,1.234757,-0.437047,0.020055,1.229143,0.154131,-0.027566,1.225303,0.147626,0.007570,1.229669,0.116859,-0.027035,1.225886,0.108080
81,0.675000,-0.022979,0.000101,-0.040071,-0.998933,-0.220697,1.234429,-0.425395,0.000266,-0.191903,1.234547,-0.418575,0.939826,-0.239546,1.234873,-0.445739,0.944517,-0.234814,1.233775,-0.400140,0.947925,-0.216525,1.234522,-0.437125,0.935802,-0.033534,-0.603386,-0.008117,-0.796702,-0.006737,1.227504,0.131669,0.000248,0.020234,1.229168,0.154285,0.941310,-0.027722,1.225280,0.147687,0.955405,0.007619,1.229662,0.116687,0.957126,-0.027077,1.225907,0.108017,0.980623,-0.010526,-0.709889,-0.031388,-0.703535,0.480274,0.636338,-0.034469,0.000342,0.462213,0.634996,-0.052674,0.911882,0.504553,0.637627,-0.052311,0.953600,0.491357,0.636849,-0.003595,0.913031,0.462975,0.635881,-0.029295,0.940841,0.462306,0.635176,-0.052381,0.504512,0.637561,-0.052145,0.491294,0.636942,-0.003931,0.462985,0.635673,-0.029419,-0.192097,1.234427,-0.418599,-0.239421,1.234722,-0.445612,-0.234703,1.233805,-0.400302,-0.216567,1.234763,-0.437067,0.020070,1.229148,0.154128,-0.027560,1.225307,0.147607,0.007583,1.229668,0.116858,-0.027041,1.225894,0.108081
82,0.683333,-0.022804,0.000093,-0.040101,-0.998935,-0.220684,1.234427,-0.425387,0.000280,-0.191890,1.234549,-0.418567,0.939096,-0.239534,1.234862,-0.445731,0.938473,-0.234801,1.233781,-0.400132,0.949903,-0.216512,1.234515,-0.437117,0.934927,-0.033538,-0.603317,-0.007945,-0.796756,-0.006740,1.227516,0.131677,0.000247,0.020227,1.229177,0.154297,0.943690,-0.027729,1.225301,0.147692,0.955662,0.007619,1.229667,0.116698,0.957313,-0.027077,1.225919,0.108022,0.980316,-0.010581,-0.709984,-0.031387,-0.703439,0.480271,0.636347,-0.034467,0.000344,0.462205,0.635008,-0.052668,0.909504,0.504545,0.637636,-0.052315,0.953859,0.491362,0.636855,-0.003596,0.910436,0.462973,0.635891,-0.029289,0.939892,0.462303,0.635184,-0.052367,0.504506,0.637572,-0.052147,0.491304,0.636947,-0.003938,0.462971,0.635687,-0.029416,-0.192097,1.234425,-0.418597,-0.239394,1.234707,-0.445601,-0.234686,1.233811,-0.400293,-0.216560,1.234764,-0.437056,0.020065,1.229155,0.154143,-0.027569,1.225329,0.147621,0.007574,1.229674,0.116862,-0.027030,1.225906,0.108084
83,0.691667,-0.022837,0.000094,-0.040072,-0.998936,-0.220692,1.234431,-0.425390,0.000266,-0.191898,1.234551,-0.418571,0.939096,-0.239542,1.234869,-0.445735,0.938473,-0.234809,1.233784,-0.400135,0.949903,-0.216520,1.234520,-0.437121,0.934927,-0.033589,-0.603293,-0.008072,-0.796771,-0.006739,1.227509,0.131673,0.000245,0.020227,1.229168,0.154295,0.943690,-0.027728,1.225288,0.147686,0.955662,0.007621,1.229665,0.116695,0.957313,-0.027074,1.225915,0.108016,0.980316,-0.010551,-0.709902,-0.031451,-0.703519,0.480275,0.636347,-0.034474,0.000352,0.462213,0.635006,-0.052679,0.909504,0.504553,0.637640,-0.052316,0.953859,0.491359,0.636855,-0.003601,0.910436,0.462976,0.635889,-0.029299,0.939892,0.462315,0.635189,-0.052380,0.504508,0.637573,-0.052146,0.491295,0.636950,-0.003948,0.462984,0.635678,-0.029421,-0.192101,1.234432,-0.418592,-0.239413,1.234721,-0.445622,-0.234687,1.233813,-0.400287,-0.216568,1.234758,-0.437061,0.020059,1.229146,0.154138,-0.027570,1.225315,0.147621,0.007583,1.229674,0.116854,-0.027026,1.225901,0.108078
84,0.700000,-0.022799,0.000021,-0.040101,-0.998936,-0.220705,1.234413,-0.425391,0.000273,-0.191909,1.234535,-0.418575,0.943011,-0.239557,1.234848,-0.445732,0.940298,-0.234818,1.233767,-0.400133,0.949793,-0.216534,1.234501,-0.437122,0.937141,-0.033496,-0.603275,-0.008158,-0.796788,-0.006746,1.227501,0.131668,0.000250,0.020218,1.229168,0.154292,0.942185,-0.027736,1.225275,0.147680,0.954504,0.007613,1.229660,0.116691,0.954101,-0.027080,1.225901,0.108011,0.980391,-0.010644,-0.710006,-0.031304,-0.703419,0.480270,0.636330,-0.034472,0.000347,0.462202,0.634994,-0.052672,0.913079,0.504543,0.637613,-0.052322,0.952212,0.491363,0.636837,-0.003603,0.910468,0.462972,0.635878,-0.029293,0.941998,0.462296,0.635166,-0.052385,0.504495,0.637550,-0.052148,0.491302,0.636926,-0.003944,0.462988,0.635680,-0.029413,-0.192103,1.234417,-0.418600,-0.239417,1.234700,-0.445607,-0.234703,1.233796,-0.400296,-0.216595,1.234737,-0.437060,0.020056,1.229138,0.154129,-0.027576,1.225310,0.147601,0.007576,1.229679,0.116870,-0.027041,1.225876,0.108074
85,0.708333,-0.023204,-0.000151,-0.040223,-0.998921,-0.220688,1.234414,-0.425391,0.000269,-0.191890,1.234539,-0.418586,0.943011,-0.239548,1.234861,-0.445726,0.940298,-0.234792,1.233745,-0.400129,0.949793,-0.216521,1.234513,-0.437124,0.937141,-0.033533,-0.603249,-0.008237,-0.796805,-0.006743,1.227500,0.131666,0.000243,0.020219,1.229165,0.154291,0.942185,-0.027734,1.225270,0.147676,0.954504,0.007618,1.229662,0.116689,0.954101,-0.027075,1.225902,0.108006,0.980391,-0.010694,-0.709945,-0.031274,-0.703481,0.480272,0.636339,-0.034473,0.000347,0.462207,0.635005,-0.052675,0.913079,0.504548,0.637620,-0.052319,0.952212,0.491360,0.636844,-0.003601,0.910468,0.462973,0.635889,-0.029297,0.941998,0.462307,0.635183,-0.052387,0.504495,0.637555,-0.052153,0.491296,0.636935,-0.003934,0.462990,0.635684,-0.029418,-0.192099,1.234420,-0.418598,-0.239416,1.234713,-0.445613,-0.234659,1.233774,-0.400281,-0.216577,1.234750,-0.437072,0.020062,1.229136,0.154135,-0.027578,1.225304,0.147606,0.007574,1.229679,0.116859,-0.027030,1.225879,0.108063
86,0.716667,-0.022946,0.000128,-0.040226,-0.998927,-0.220687,1.234427,-0.425392,0.000265,-0.191893,1.234554,-0.418570,0.943971,-0.239535,1.234863,-0.445737,0.944575,-0.234806,1.233770,-0.400138,0.949485,-0.216514,1.234520,-0.437122,0.938471,-0.033500,-0.603322,-0.008025,-0.796754,-0.006741,1.227513,0.131673,0.000244,0.020226,1.229178,0.154293,0.942362,-0.027729,1.225294,0.147688,0.957413,0.007617,1.229667,0.116694,0.955740,-0.027078,1.225914,0.108018,0.981423,-0.010490,-0.710007,-0.031446,-0.703414,0.480276,0.636343,-0.034474,0.000351,0.462208,0.634998,-0.052674,0.909036,0.504548,0.637636,-0.052324,0.952790,0.491369,0.636855,-0.003605,0.910473,0.462978,0.635883,-0.029295,0.938272,0.462305,0.635180,-0.052374,0.504501,0.637569,-0.052154,0.491306,0.636949,-0.003944,0.462991,0.635674,-0.029426,-0.192085,1.234439,-0.418590,-0.239407,1.234720,-0.445626,-0.234684,1.233799,-0.400296,-0.216572,1.234749,-0.437053,0.020065,1.229153,0.154130,-0.027575,1.225324,0.147622,0.007579,1.229679,0.116866,-0.027033,1.225896,0.108075
87,0.725000,-0.023224,-0.000087,-0.040222,-0.998921,-0.220690,1.234420,-0.425388,0.000271,-0.191893,1.234544,-0.418579,0.943971,-0.239547,1.234868,-0.445725,0.944575,-0.234797,1.233750,-0.400128,0.949485,-0.216522,1.234519,-0.437120,0.938471,-0.033540,-0.603361,-0.008142,-0.796721,-0.006745,1.227514,0.131672,0.000250,0.020224,1.229178,0.154290,0.942362,-0.027731,1.225289,0.147688,0.957413,0.007612,1.229673,0.116691,0.955740,-0.027084,1.225917,0.108018,0.981423,-0.010541,-0.710014,-0.031428,-0.703407,0.480284,0.636343,-0.034465,0.000365,0.462217,0.635001,-0.052664,0.909036,0.504556,0.637635,-0.052316,0.952790,0.491378,0.636852,-0.003596,0.910473,0.462987,0.635885,-0.029285,0.938272,0.462312,0.635186,-0.052373,0.504495,0.637566,-0.052147,0.491295,0.636948,-0.003938,0.463036,0.635672,-0.029403,-0.192105,1.234426,-0.418596,-0.239422,1.234720,-0.445619,-0.234661,1.233779,-0.400284,-0.216570,1.234756,-0.437053,0.020060,1.229153,0.154129,-0.027567,1.225320,0.147616,0.007569,1.229685,0.116866,-0.027040,1.225899,0.108076
88,0.733333,-0.023217,-0.000113,-0.040301,-0.998918,-0.220685,1.234416,-0.425387,0.000267,-0.191888,1.234544,-0.418580,0.939978,-0.239543,1.234859,-0.445723,0.944980,-0.234791,1.233743,-0.400126,0.948848,-0.216518,1.234515,-0.437119,0.937221,-0.033510,-0.603357,-0.007970,-0.796727,-0.006741,1.227513,0.131671,0.000246,0.020228,1.229176,0.154288,0.942611,-0.027728,1.225297,0.147688,0.957112,0.007616,1.229665,0.116690,0.956724,-0.027080,1.225915,0.108018,0.979885,-0.010685,-0.709961,-0.031512,-0.703454,0.480276,0.636339,-0.034475,0.000348,0.462211,0.635005,-0.052677,0.910690,0.504551,0.637634,-0.052322,0.953218,0.491366,0.636838,-0.003604,0.908860,0.462978,0.635881,-0.029298,0.941563,0.462309,0.635179,-0.052381,0.504510,0.637571,-0.052150,0.491303,0.636928,-0.003951,0.462983,0.635680,-0.029417,-0.192095,1.234424,-0.418597,-0.239421,1.234711,-0.445616,-0.234660,1.233773,-0.400281,-0.216563,1.234753,-0.437054,0.020066,1.229152,0.154127,-0.027574,1.225326,0.147618,0.007575,1.229676,0.116858,-0.027032,1.225898,0.108080
89,0.741667,-0.022984,-0.000171,-0.040228,-0.998926,-0.220704,1.234401,-0.425390,0.000275,-0.191906,1.234529,-0.418586,0.939978,-0.239564,1.234839,-0.445724,0.944980,-0.234807,1.233743,-0.400128,0.948848,-0.216538,1.234495,-0.437123,0.937221,-0.033455,-0.603307,-0.007871,-0.796768,-0.006753,1.227495,0.131671,0.000249,0.020214,1.229160,0.154292,0.942611,-0.027742,1.225284,0.147686,0.957112,0.007607,1.229642,0.116692,0.956724,-0.027089,1.225893,0.108016,0.979885,-0.010761,-0.709945,-0.031262,-0.703481,0.480266,0.636325,-0.034472,0.000352,0.462200,0.634995,-0.052675,0.910690,0.504542,0.637605,-0.052318,0.953218,0.491354,0.636826,-0.003601,0.908860,0.462967,0.635876,-0.029296,0.941563,0.462312,0.635166,-0.052383,0.504484,0.637541,-0.052150,0.491292,0.636914,-0.003940,0.462974,0.635680,-0.029416,-0.192119,1.234412,-0.418596,-0.239440,1.234694,-0.445624,-0.234661,1.233772,-0.400289,-0.216596,1.234728,-0.437052,0.020048,1.229131,0.154134,-0.027578,1.225319,0.147610,0.007570,1.229661,0.116861,-0.027050,1.225870,0.108081
90,0.750000,-0.022763,0.000047,-0.040129,-0.998935,-0.220691,1.234425,-0.425390,0.000279,-0.191896,1.234549,-0.418572,0.939279,-0.239542,1.234857,-0.445732,0.938784,-0.234806,1.233780,-0.400133,0.949153,-0.216520,1.234513,-0.437121,0.935461,-0.033423,-0.603356,-0.008020,-0.796731,-0.006741,1.227503,0.131672,0.000240,0.020228,1.229173,0.154289,0.941453,-0.027728,1.225284,0.147689,0.957142,0.007615,1.229656,0.116691,0.956658,-0.027080,1.225899,0.108019,0.981956,-0.010866,-0.709971,-0.031365,-0.703448,0.480271,0.636335,-0.034472,0.000347,0.462204,0.635010,-0.052673,0.908379,0.504545,0.637620,-0.052319,0.954137,0.491362,0.636827,-0.003601,0.909998,0.462972,0.635885,-0.029294,0.938457,0.462312,0.635197,-0.052377,0.504498,0.637551,-0.052156,0.491298,0.636924,-0.003942,0.462973,0.635669,-0.029412,-0.192104,1.234426,-0.418597,-0.239407,1.234703,-0.445600,-0.234689,1.233811,-0.400297,-0.216565,1.234761,-0.437065,0.020061,1.229140,0.154128,-0.027571,1.225320,0.147631,0.007581,1.229678,0.116859,-0.027036,1.225872,0.108070
91,0.758333,-0.023068,0.000078,-0.040114,-0.998929,-0.220686,1.234432,-0.425387,0.000282,-0.191891,1.234551,-0.418568,0.939232,-0.239536,1.234877,-0.445730,0.936729,-0.234802,1.233772,-0.400131,0.950658,-0.216514,1.234526,-0.437117,0.935180,-0.033603,-0.603344,-0.008233,-0.796730,-0.006746,1.227509,0.131678,0.000248,0.020222,1.229170,0.154297,0.943653,-0.027733,1.225279,0.147693,0.956044,0.007611,1.229672,0.116699,0.956880,-0.027083,1.225915,0.108024,0.979360,-0.010598,-0.709959,-0.031348,-0.703465,0.480270,0.636340,-0.034468,0.000344,0.462205,0.635001,-0.052670,0.912421,0.504545,0.637626,-0.052315,0.953533,0.491359,0.636848,-0.003597,0.910615,0.462971,0.635886,-0.029291,0.941278,0.462295,0.635176,-0.052380,0.504504,0.637563,-0.052145,0.491294,0.636939,-0.003937,0.462987,0.635684,-0.029411,-0.192098,1.234427,-0.418600,-0.239390,1.234722,-0.445593,-0.234690,1.233802,-0.400291,-0.216565,1.234774,-0.437062,0.020062,1.229148,0.154140,-0.027577,1.225307,0.147617,0.007569,1.229680,0.116866,-0.027037,1.225901,0.108091
92,0.766667,-0.023068,0.000060,-0.040056,-0.998931,-0.220687,1.234437,-0.425390,0.000276,-0.191893,1.234553,-0.418573,0.939232,-0.239539,1.234885,-0.445732,0.936729,-0.234802,1.233779,-0.400134,0.950658,-0.216516,1.234531,-0.437121,0.935180,-0.033522,-0.603380,-0.008158,-0.796707,-0.006742,1.227515,0.131669,0.000244,0.020228,1.229180,0.154286,0.943653,-0.027727,1.225288,0.147687,0.956044,0.007614,1.229674,0.116688,0.956880,-0.027082,1.225916,0.108017,0.979360,-0.010367,-0.709983,-0.031288,-0.703447,0.480272,0.636347,-0.034465,0.000344,0.462206,0.634996,-0.052665,0.912421,0.504546,0.637632,-0.052313,0.953533,0.491362,0.636871,-0.003594,0.910615,0.462974,0.635890,-0.029287,0.941278,0.462298,0.635173,-0.052379,0.504496,0.637567,-0.052141,0.491303,0.636962,-0.003928,0.462991,0.635687,-0.029412,-0.192101,1.234429,-0.418592,-0.239406,1.234730,-0.445613,-0.234675,1.233810,-0.400295,-0.216568,1.234779,-0.437060,0.020071,1.229159,0.154135,-0.027567,1.225316,0.147606,0.007573,1.229681,0.116855,-0.027044,1.225902,0.108081
93,0.775000,-0.023192,-0.000044,-0.040226,-0.998921,-0.220679,1.234426,-0.425385,0.000285,-0.191883,1.234550,-0.418573,0.938060,-0.239535,1.234872,-0.445723,0.939992,-0.234789,1.233757,-0.400126,0.948901,-0.216511,1.234524,-0.437116,0.936045,-0.033512,-0.603403,-0.008244,-0.796689,-0.006738,1.227507,0.131676,0.000246,0.020233,1.229174,0.154292,0.942715,-0.027722,1.225276,0.147695,0.958812,0.007617,1.229670,0.116695,0.955195,-0.027079,1.225907,0.108025,0.979674,-0.010801,-0.709811,-0.031554,-0.703602,0.480269,0.636336,-0.034470,0.000344,0.462211,0.635008,-0.052680,0.911576,0.504551,0.637632,-0.052306,0.954937,0.491346,0.636825,-0.003594,0.914275,0.462968,0.635878,-0.029300,0.941866,0.462308,0.635173,-0.052382,0.504502,0.637571,-0.052144,0.491284,0.636911,-0.003920,0.462981,0.635688,-0.029433,-0.192098,1.234430,-0.418604,-0.239390,1.234722,-0.445604,-0.234664,1.233786,-0.400285,-0.216566,1.234764,-0.437046,0.020077,1.229153,0.154125,-0.027576,1.225303,0.147625,0.007576,1.229677,0.116869,-0.027028,1.225894,0.108087
94,0.783333,-0.023249,-0.000075,-0.040325,-0.998916,-0.220697,1.234419,-0.425390,0.000270,-0.191900,1.234548,-0.418581,0.938060,-0.239554,1.234863,-0.445727,0.939992,-0.234805,1.233744,-0.400131,0.948901,-0.216529,1.234520,-0.437122,0.936045,-0.033428,-0.603320,-0.008081,-0.796758,-0.006753,1.227505,0.131674,0.000245,0.020214,1.229176,0.154294,0.942715,-0.027741,1.225283,0.147689,0.958812,0.007605,1.229661,0.116694,0.955195,-0.027089,1.225901,0.108019,0.979674,-0.010650,-0.709953,-0.031354,-0.703470,0.480270,0.636331,-0.034473,0.000348,0.462205,0.634995,-0.052676,0.911576,0.504545,0.637617,-0.052320,0.954937,0.491359,0.636835,-0.003602,0.914275,0.462971,0.635877,-0.029297,0.941866,0.462304,0.635165,-0.052383,0.504495,0.637554,-0.052153,0.491294,0.636924,-0.003937,0.462987,0.635681,-0.029420,-0.192117,1.234426,-0.418601,-0.239426,1.234712,-0.445619,-0.234674,1.233774,-0.400279,-0.216571,1.234763,-0.437061,0.020049,1.229154,0.154134,-0.027585,1.225310,0.147616,0.007573,1.229669,0.116861,-0.027048,1.225887,0.108084
95,0.791667,-0.023154,0.000008,-0.040288,-0.998920,-0.220675,1.234432,-0.425381,0.000283,-0.191880,1.234560,-0.418567,0.938686,-0.239529,1.234874,-0.445722,0.938921,-0.234787,1.233763,-0.400124,0.948986,-0.216505,1.234530,-0.437113,0.937413,-0.033421,-0.603287,-0.008328,-0.796780,-0.006745,1.227503,0.131670,0.000244,0.020218,1.229177,0.154293,0.943927,-0.027734,1.225268,0.147682,0.955674,0.007613,1.229668,0.116692,0.958103,-0.027079,1.225897,0.108012,0.980772,-0.010550,-0.709978,-0.031399,-0.703444,0.480273,0.636337,-0.034473,0.000351,0.462207,0.634996,-0.052674,0.910638,0.504547,0.637627,-0.052321,0.952869,0.491364,0.636846,-0.003603,0.910749,0.462975,0.635880,-0.029295,0.940672,0.462310,0.635172,-0.052380,0.504495,0.637562,-0.052152,0.491301,0.636937,-0.003942,0.462988,0.635678,-0.029419,-0.192093,1.234441,-0.418587,-0.239382,1.234725,-0.445595,-0.234661,1.233792,-0.400281,-0.216565,1.234767,-0.437062,0.020056,1.229160,0.154139,-0.027575,1.225291,0.147607,0.007576,1.229669,0.116855,-0.027038,1.225889,0.108077
96,0.800000,-0.023115,0.000102,-0.040120,-0.998928,-0.220683,1.234441,-0.425384,0.000265,-0.191888,1.234560,-0.418564,0.938686,-0.239532,1.234888,-0.445728,0.938921,-0.234800,1.233779,-0.400129,0.948986,-0.216511,1.234537,-0.437114,0.937413,-0.033442,-0.603332,-0.008224,-0.796746,-0.006738,1.227520,0.131675,0.000238,0.020229,1.229191,0.154295,0.943927,-0.027726,1.225290,0.147690,0.955674,0.007619,1.229681,0.116695,0.958103,-0.027075,1.225916,0.108020,0.980772,-0.010362,-0.709943,-0.031393,-0.703483,0.480275,0.636352,-0.034466,0.000330,0.462212,0.635001,-0.052668,0.910638,0.504551,0.637643,-0.052311,0.952869,0.491362,0.636872,-0.003594,0.910749,0.462976,0.635892,-0.029290,0.940672,0.462301,0.635176,-0.052379,0.504516,0.637579,-0.052147,0.491307,0.636964,-0.003922,0.462977,0.635689,-0.029416,-0.192094,1.234436,-0.418591,-0.239408,1.234734,-0.445611,-0.234683,1.233809,-0.400280,-0.216546,1.234785,-0.437052,0.020083,1.229180,0.154140,-0.027583,1.225309,0.147607,0.007582,1.229677,0.116864,-0.027035,1.225912,0.108089
97,0.808333,-0.023378,-0.000045,-0.040210,-0.998918,-0.220676,1.234446,-0.425379,0.000271,-0.191879,1.234567,-0.418569,0.937762,-0.239532,1.234900,-0.445717,0.941012,-0.234785,1.233768,-0.400121,0.952016,-0.216507,1.234549,-0.437111,0.936387,-0.033502,-0.603355,-0.008215,-0.796727,-0.006741,1.227516,0.131675,0.000246,0.020227,1.229183,0.154294,0.945324,-0.027728,1.225287,0.147691,0.956451,0.007615,1.229678,0.116695,0.956711,-0.027079,1.225916,0.108021,0.979695,-0.010439,-0.709900,-0.031461,-0.703522,0.480282,0.636357,-0.034463,0.000344,0.462220,0.635010,-0.052668,0.911619,0.504560,0.637651,-0.052306,0.954413,0.491365,0.636871,-0.003590,0.911317,0.462982,0.635896,-0.029289,0.941357,0.462320,0.635186,-0.052378,0.504513,0.637586,-0.052141,0.491300,0.636962,-0.003927,0.462994,0.635693,-0.029407,-0.192095,1.234445,-0.418593,-0.239392,1.234748,-0.445603,-0.234661,1.233798,-0.400264,-0.216555,1.234793,-0.437058,0.020073,1.229167,0.154139,-0.027575,1.225310,0.147610,0.007573,1.229678,0.116863,-0.027035,1.225908,0.108089
98,0.816667,-0.023353,0.000033,-0.040261,-0.998916,-0.220677,1.234438,-0.425382,0.000274,-0.191881,1.234562,-0.418567,0.937762,-0.239530,1.234889,-0.445723,0.941012,-0.234790,1.233760,-0.400126,0.952016,-0.216506,1.234541,-0.437113,0.936387,-0.033547,-0.603372,-0.008144,-0.796712,-0.006743,1.227512,0.131674,0.000240,0.020227,1.229175,0.154291,0.945324,-0.027729,1.225287,0.147691,0.956451,0.007613,1.229671,0.116693,0.956711,-0.027083,1.225915,0.108021,0.979695,-0.010237,-0.709978,-0.031527,-0.703443,0.480279,0.636348,-0.034464,0.000331,0.462214,0.634991,-0.052665,0.911619,0.504552,0.637648,-0.052312,0.954413,0.491369,0.636873,-0.003594,0.911317,0.462981,0.635882,-0.029287,0.941357,0.462305,0.635166,-0.052378,0.504517,0.637585,-0.052145,0.491314,0.636964,-0.003925,0.462980,0.635679,-0.029409,-0.192092,1.234441,-0.418584,-0.239403,1.234739,-0.445614,-0.234655,1.233790,-0.400287,-0.216557,1.234781,-0.437045,0.020066,1.229159,0.154134,-0.027577,1.225309,0.147622,0.007580,1.229672,0.116857,-0.027042,1.225908,0.108083
99,0.825000,-0.023302,0.000064,-0.040142,-0.998922,-0.220670,1.234435,-0.425383,0.000288,-0.191875,1.234553,-0.418565,0.937115,-0.239522,1.234889,-0.445725,0.937963,-0.234785,1.233763,-0.400127,0.948894,-0.216499,1.234535,-0.437114,0.937026,-0.033410,-0.603315,-0.008183,-0.796760,-0.006738,1.227514,0.131671,0.000241,0.020228,1.229187,0.154292,0.947556,-0.027726,1.225287,0.147686,0.954219,0.007620,1.229674,0.116692,0.957539,-0.027073,1.225909,0.108016,0.981277,-0.010235,-0.709944,-0.031318,-0.703487,0.480276,0.636343,-0.034468,0.000341,0.462213,0.634986,-0.052670,0.909945,0.504552,0.637631,-0.052313,0.952241,0.491363,0.636874,-0.003596,0.913190,0.462977,0.635883,-0.029292,0.936345,0.462314,0.635175,-0.052381,0.504500,0.637562,-0.052143,0.491312,0.636972,-0.003925,0.462978,0.635665,-0.029422,-0.192095,1.234433,-0.418590,-0.239372,1.234739,-0.445596,-0.234658,1.233792,-0.400284,-0.216556,1.234775,-0.437061,0.020076,1.229173,0.154148,-0.027566,1.225309,0.147599,0.007578,1.229672,0.116857,-0.027039,1.225902,0.108082
100,0.833333,-0.023299,0.000064,-0.040258,-0.998918,-0.220678,1.234447,-0.425369,0.000282,-0.191883,1.234571,-0.418552,0.937115,-0.239529,1.234896,-0.445712,0.937963,-0.234792,1.233771,-0.400114,0.948894,-0.216506,1.234548,-0.437100,0.937026,-0.033477,-0.603320,-0.008213,-0.796754,-0.006737,1.227520,0.131678,0.000249,0.020229,1.229190,0.154298,0.947556,-0.027725,1.225291,0.147692,0.954219,0.007621,1.229682,0.116699,0.957539,-0.027073,1.225919,0.108022,0.981277,-0.010234,-0.709904,-0.031450,-0.703521,0.480274,0.636354,-0.034462,0.000337,0.462213,0.634997,-0.052667,0.909945,0.504551,0.637650,-0.052305,0.952241,0.491357,0.636881,-0.003589,0.913190,0.462975,0.635890,-0.029288,0.936345,0.462304,0.635169,-0.052381,0.504506,0.637587,-0.052134,0.491303,0.636970,-0.003918,0.462983,0.635692,-0.029415,-0.192096,1.234447,-0.418581,-0.239385,1.234741,-0.445588,-0.234670,1.233802,-0.400271,-0.216559,1.234797,-0.437037,0.020072,1.229181,0.154146,-0.027570,1.225308,0.147610,0.007577,1.229671,0.116861,-0.027026,1.225922,0.108095
101,0.841667,-0.023278,-0.000040,-0.040266,-0.998918,-0.220668,1.234451,-0.425379,0.000271,-0.191872,1.234577,-0.418568,0.939237,-0.239524,1.234899,-0.445718,0.942428,-0.234778,1.233777,-0.400121,0.949163,-0.216500,1.234552,-0.437111,0.935055,-0.033413,-0.603397,-0.008253,-0.796698,-0.006729,1.227527,0.131678,0.000251,0.020241,1.229201,0.154293,0.944824,-0.027714,1.225296,0.147696,0.957961,0.007625,1.229690,0.116696,0.957130,-0.027069,1.225921,0.108026,0.976782,-0.010148,-0.709951,-0.031612,-0.703469,0.480279,0.636357,-0.034471,0.000351,0.462216,0.634995,-0.052673,0.910320,0.504553,0.637663,-0.052317,0.951427,0.491366,0.636884,-0.003599,0.908696,0.462980,0.635886,-0.029294,0.939493,0.462307,0.635173,-0.052375,0.504511,0.637598,-0.052138,0.491305,0.636976,-0.003947,0.462991,0.635680,-0.029422,-0.192080,1.234453,-0.418589,-0.239394,1.234746,-0.445606,-0.234650,1.233807,-0.400276,-0.216549,1.234799,-0.437047,0.020087,1.229187,0.154136,-0.027567,1.225317,0.147618,0.007574,1.229686,0.116860,-0.027012,1.225918,0.108099
102,0.850000,-0.023381,-0.000002,-0.040268,-0.998915,-0.220670,1.234450,-0.425379,0.000282,-0.191874,1.234574,-0.418565,0.939237,-0.239524,1.234903,-0.445718,0.942428,-0.234781,1.233770,-0.400121,0.949163,-0.216500,1.234554,-0.437110,0.935055,-0.033475,-0.603367,-0.008152,-0.796719,-0.006737,1.227526,0.131672,0.000253,0.020232,1.229194,0.154289,0.944824,-0.027723,1.225300,0.147689,0.957961,0.007619,1.229684,0.116691,0.957130,-0.027076,1.225924,0.108018,0.976782,-0.010244,-0.709891,-0.031627,-0.703527,0.480284,0.636350,-0.034464,0.000341,0.462224,0.634993,-0.052669,0.910320,0.504562,0.637656,-0.052305,0.951427,0.491366,0.636871,-0.003590,0.908696,0.462985,0.635880,-0.029290,0.939493,0.462322,0.635165,-0.052386,0.504508,0.637592,-0.052135,0.491311,0.636960,-0.003918,0.462996,0.635682,-0.029415,-0.192094,1.234450,-0.418595,-0.239383,1.234748,-0.445597,-0.234657,1.233801,-0.400275,-0.216546,1.234802,-0.437046,0.020079,1.229183,0.154138,-0.027564,1.225319,0.147601,0.007564,1.229676,0.116860,-0.027029,1.225924,0.108087
103,0.858333,-0.023299,0.000006,-0.040182,-0.998921,-0.220668,1.234444,-0.425375,0.000276,-0.191873,1.234564,-0.418561,0.937113,-0.239522,1.234896,-0.445715,0.942050,-0.234780,1.233770,-0.400118,0.948357,-0.216499,1.234544,-0.437106,0.933527,-0.033384,-0.603339,-0.008065,-0.796745,-0.006739,1.227515,0.131674,0.000248,0.020229,1.229188,0.154292,0.944992,-0.027726,1.225294,0.147690,0.956593,0.007618,1.229670,0.116693,0.959485,-0.027076,1.225908,0.108019,0.977830,-0.010242,-0.709924,-0.031449,-0.703501,0.480282,0.636352,-0.034467,0.000339,0.462220,0.634995,-0.052671,0.911433,0.504559,0.637647,-0.052312,0.951539,0.491367,0.636878,-0.003595,0.914509,0.462983,0.635888,-0.029292,0.936565,0.462311,0.635178,-0.052382,0.504508,0.637580,-0.052137,0.491320,0.636974,-0.003920,0.462989,0.635675,-0.029431,-0.192089,1.234437,-0.418585,-0.239392,1.234738,-0.445605,-0.234649,1.233801,-0.400274,-0.216544,1.234797,-0.437036,0.020069,1.229178,0.154142,-0.027572,1.225311,0.147611,0.007575,1.229662,0.116849,-0.027027,1.225909,0.108093
104,0.866667,-0.023257,0.000028,-0.040198,-0.998921,-0.220668,1.234448,-0.425371,0.000291,-0.191872,1.234569,-0.418556,0.937113,-0.239520,1.234897,-0.445712,0.942050,-0.234781,1.233776,-0.400115,0.948357,-0.216497,1.234547,-0.437103,0.933527,-0.033450,-0.603317,-0.008218,-0.796757,-0.006730,1.227512,0.131681,0.000244,0.020236,1.229183,0.154302,0.944992,-0.027718,1.225283,0.147695,0.956593,0.007628,1.229674,0.116702,0.959485,-0.027065,1.225909,0.108025,0.977830,-0.010183,-0.709935,-0.031463,-0.703491,0.480279,0.636345,-0.034469,0.000335,0.462216,0.634985,-0.052672,0.911433,0.504555,0.637642,-0.052314,0.951539,0.491365,0.636874,-0.003597,0.914509,0.462980,0.635880,-0.029293,0.936565,0.462309,0.635164,-0.052388,0.504509,0.637576,-0.052138,0.491319,0.636968,-0.003926,0.462980,0.635673,-0.029423,-0.192093,1.234445,-0.418585,-0.239370,1.234742,-0.445584,-0.234654,1.233807,-0.400276,-0.216553,1.234797,-0.437041,0.020084,1.229172,0.154151,-0.027562,1.225303,0.147614,0.007583,1.229668,0.116868,-0.027023,1.225907,0.108091
105,0.875000,-0.023369,0.000069,-0.040291,-0.998915,-0.220669,1.234456,-0.425368,0.000286,-0.191875,1.234581,-0.418551,0.938105,-0.239521,1.234907,-0.445711,0.938119,-0.234784,1.233776,-0.400113,0.948181,-0.216498,1.234559,-0.437099,0.936446,-0.033431,-0.603355,-0.008232,-0.796729,-0.006738,1.227523,0.131683,0.000239,0.020230,1.229196,0.154301,0.944762,-0.027725,1.225293,0.147699,0.960988,0.007618,1.229685,0.116703,0.960256,-0.027076,1.225919,0.108029,0.977927,-0.009958,-0.709980,-0.031504,-0.703447,0.480283,0.636358,-0.034464,0.000340,0.462219,0.634986,-0.052664,0.915323,0.504556,0.637659,-0.052311,0.949928,0.491372,0.636899,-0.003593,0.913367,0.462985,0.635887,-0.029286,0.940486,0.462303,0.635158,-0.052385,0.504506,0.637596,-0.052128,0.491325,0.636989,-0.003924,0.462998,0.635689,-0.029417,-0.192089,1.234460,-0.418576,-0.239379,1.234755,-0.445576,-0.234663,1.233806,-0.400278,-0.216547,1.234802,-0.437043,0.020074,1.229192,0.154145,-0.027585,1.225304,0.147631,0.007582,1.229670,0.116857,-0.027023,1.225927,0.108100
106,0.883333,-0.023122,0.000161,-0.040155,-0.998926,-0.220678,1.234461,-0.425378,0.000273,-0.191884,1.234581,-0.418555,0.941335,-0.239525,1.234907,-0.445724,0.939959,-0.234798,1.233797,-0.400125,0.950060,-0.216504,1.234557,-0.437108,0.935287,-0.033490,-0.603388,-0.008272,-0.796702,-0.006738,1.227523,0.131688,0.000247,0.020232,1.229193,0.154304,0.944174,-0.027723,1.225291,0.147706,0.958218,0.007617,1.229687,0.116707,0.958398,-0.027078,1.225922,0.108036,0.977506,-0.010041,-0.709911,-0.031497,-0.703515,0.480286,0.636363,-0.034465,0.000334,0.462225,0.634995,-0.052669,0.913821,0.504563,0.637663,-0.052308,0.952389,0.491369,0.636899,-0.003592,0.915084,0.462987,0.635894,-0.029291,0.938966,0.462303,0.635169,-0.052382,0.504521,0.637600,-0.052133,0.491320,0.636990,-0.003916,0.463000,0.635693,-0.029429,-0.192083,1.234459,-0.418582,-0.239388,1.234754,-0.445600,-0.234682,1.233827,-0.400285,-0.216559,1.234802,-0.437045,0.020075,1.229186,0.154146,-0.027577,1.225305,0.147625,0.007582,1.229675,0.116869,-0.027030,1.225928,0.108112
107,0.891667,-0.023457,0.000033,-0.040224,-0.998915,-0.220662,1.234460,-0.425373,0.000280,-0.191866,1.234581,-0.418558,0.941335,-0.239515,1.234917,-0.445714,0.939959,-0.234774,1.233778,-0.400117,0.950060,-0.216491,1.234565,-0.437104,0.935287,-0.033437,-0.603280,-0.008195,-0.796786,-0.006732,1.227518,0.131680,0.000242,0.020232,1.229190,0.154303,0.944174,-0.027722,1.225291,0.147692,0.958218,0.007627,1.229679,0.116702,0.958398,-0.027066,1.225915,0.108022,0.977506,-0.010188,-0.709986,-0.031534,-0.703435,0.480282,0.636351,-0.034462,0.000339,0.462217,0.634991,-0.052662,0.913821,0.504555,0.637652,-0.052310,0.952389,0.491372,0.636878,-0.003591,0.915084,0.462984,0.635883,-0.029283,0.938966,0.462316,0.635170,-0.052372,0.504508,0.637587,-0.052141,0.491320,0.636971,-0.003921,0.462984,0.635677,-0.029412,-0.192080,1.234459,-0.418589,-0.239364,1.234765,-0.445591,-0.234655,1.233808,-0.400266,-0.216548,1.234809,-0.437047,0.020079,1.229183,0.154152,-0.027577,1.225305,0.147613,0.007586,1.229667,0.116859,-0.027017,1.225919,0.108096
108,0.900000,-0.023285,-0.000014,-0.040217,-0.998920,-0.220673,1.234450,-0.425374,0.000275,-0.191877,1.234572,-0.418561,0.938713,-0.239528,1.234900,-0.445713,0.942729,-0.234784,1.233776,-0.400116,0.949447,-0.216504,1.234550,-0.437105,0.935649,-0.033491,-0.603386,-0.008202,-0.796704,-0.006737,1.227512,0.131676,0.000243,0.020233,1.229180,0.154292,0.946109,-0.027722,1.225283,0.147693,0.958547,0.007618,1.229673,0.116694,0.956726,-0.027077,1.225911,0.108023,0.979466,-0.009914,-0.709972,-0.031537,-0.703454,0.480278,0.636345,-0.034463,0.000338,0.462215,0.634971,-0.052664,0.912518,0.504552,0.637649,-0.052310,0.952467,0.491367,0.636888,-0.003592,0.913576,0.462980,0.635873,-0.029286,0.939167,0.462308,0.635150,-0.052378,0.504505,0.637584,-0.052138,0.491316,0.636981,-0.003921,0.462985,0.635667,-0.029415,-0.192089,1.234451,-0.418587,-0.239393,1.234749,-0.445605,-0.234655,1.233806,-0.400269,-0.216555,1.234792,-0.437034,0.020083,1.229177,0.154137,-0.027575,1.225295,0.147618,0.007570,1.229655,0.116860,-0.027026,1.225920,0.108087
109,0.908333,-0.023377,0.000052,-0.040268,-0.998915,-0.220667,1.234448,-0.425377,0.000274,-0.191872,1.234572,-0.418561,0.938713,-0.239519,1.234900,-0.445719,0.942729,-0.234781,1.233768,-0.400121,0.949447,-0.216496,1.234551,-0.437108,0.935649,-0.033389,-0.603390,-0.008263,-0.796704,-0.006733,1.227514,0.131680,0.000239,0.020237,1.229190,0.154296,0.946109,-0.027717,1.225283,0.147698,0.958547,0.007622,1.229677,0.116698,0.956726,-0.027072,1.225907,0.108028,0.979466,-0.009957,-0.709949,-0.031549,-0.703476,0.480275,0.636344,-0.034465,0.000332,0.462212,0.634972,-0.052668,0.912518,0.504549,0.637648,-0.052311,0.952467,0.491361,0.636884,-0.003594,0.913576,0.462976,0.635872,-0.029289,0.939167,0.462297,0.635156,-0.052383,0.504511,0.637581,-0.052133,0.491315,0.636981,-0.003926,0.462975,0.635659,-0.029420,-0.192083,1.234448,-0.418581,-0.239386,1.234746,-0.445602,-0.234653,1.233799,-0.400277,-0.216547,1.234799,-0.437048,0.020090,1.229190,0.154144,-0.027569,1.225292,0.147620,0.007576,1.229656,0.116866,-0.027028,1.225919,0.108089
110,0.916667,-0.023255,-0.000006,-0.040289,-0.998917,-0.220665,1.234455,-0.425373,0.000270,-0.191870,1.234582,-0.418560,0.941418,-0.239520,1.234901,-0.445713,0.943616,-0.234777,1.233781,-0.400115,0.948331,-0.216496,1.234555,-0.437105,0.937778,-0.033396,-0.603302,-0.008179,-0.796771,-0.006732,1.227518,0.131676,0.000245,0.020233,1.229192,0.154298,0.946330,-0.027721,1.225291,0.147690,0.956248,0.007626,1.229677,0.116697,0.958850,-0.027067,1.225911,0.108020,0.978248,-0.010222,-0.709889,-0.031479,-0.703536,0.480282,0.636351,-0.034463,0.000332,0.462222,0.634993,-0.052669,0.913692,0.504560,0.637649,-0.052305,0.952056,0.491364,0.636878,-0.003590,0.912983,0.462983,0.635886,-0.029290,0.938576,0.462312,0.635178,-0.052391,0.504516,0.637581,-0.052131,0.491315,0.636975,-0.003920,0.462986,0.635672,-0.029410,-0.192071,1.234464,-0.418577,-0.239393,1.234754,-0.445598,-0.234650,1.233810,-0.400276,-0.216547,1.234791,-0.437042,0.020078,1.229184,0.154149,-0.027569,1.225306,0.147604,0.007586,1.229666,0.116857,-0.027024,1.225914,0.108095
111,0.925000,-0.023428,0.000062,-0.040229,-0.998916,-0.220670,1.234456,-0.425367,0.000281,-0.191875,1.234577,-0.418550,0.941418,-0.239522,1.234912,-0.445709,0.943616,-0.234784,1.233775,-0.400111,0.948331,-0.216499,1.234560,-0.437098,0.937778,-0.033462,-0.603381,-0.008183,-0.796708,-0.006739,1.227517,0.131681,0.000237,0.020230,1.229187,0.154297,0.946330,-0.027725,1.225290,0.147698,0.956248,0.007616,1.229677,0.116700,0.958850,-0.027079,1.225915,0.108028,0.978248,-0.010142,-0.709898,-0.031518,-0.703526,0.480287,0.636357,-0.034465,0.000341,0.462227,0.634995,-0.052670,0.913692,0.504564,0.637657,-0.052307,0.952056,0.491369,0.636887,-0.003592,0.912983,0.462988,0.635889,-0.029291,0.938576,0.462317,0.635173,-0.052382,0.504516,0.637592,-0.052132,0.491319,0.636980,-0.003922,0.462996,0.635683,-0.029425,-0.192094,1.234457,-0.418575,-0.239379,1.234762,-0.445597,-0.234652,1.233804,-0.400264,-0.216555,1.234800,-0.437032,0.020084,1.229183,0.154142,-0.027587,1.225302,0.147620,0.007580,1.229663,0.116864,-0.027034,1.225921,0.108099
112,0.933333,-0.023235,0.000157,-0.040070,-0.998927,-0.220673,1.234462,-0.425379,0.000268,-0.191879,1.234576,-0.418557,0.939164,-0.239520,1.234916,-0.445725,0.940557,-0.234792,1.233794,-0.400126,0.952663,-0.216499,1.234560,-0.437109,0.935059,-0.033403,-0.603332,-0.008305,-0.796747,-0.006731,1.227514,0.131677,0.000240,0.020235,1.229190,0.154297,0.946383,-0.027719,1.225281,0.147691,0.957925,0.007626,1.229679,0.116697,0.958179,-0.027067,1.225908,0.108021,0.979969,-0.010203,-0.709962,-0.031272,-0.703471,0.480284,0.636355,-0.034460,0.000331,0.462220,0.634996,-0.052661,0.915090,0.504559,0.637640,-0.052306,0.952263,0.491372,0.636888,-0.003588,0.915127,0.462986,0.635896,-0.029283,0.940170,0.462309,0.635172,-0.052385,0.504512,0.637576,-0.052133,0.491326,0.636980,-0.003912,0.462990,0.635693,-0.029409,-0.192086,1.234451,-0.418588,-0.239386,1.234760,-0.445606,-0.234678,1.233825,-0.400274,-0.216540,1.234809,-0.437050,0.020083,1.229182,0.154145,-0.027571,1.225296,0.147612,0.007588,1.229669,0.116860,-0.027026,1.225910,0.108090
113,0.941667,-0.023437,-0.000018,-0.040236,-0.998915,-0.220672,1.234449,-0.425376,0.000261,-0.191876,1.234570,-0.418564,0.939164,-0.239527,1.234904,-0.445715,0.940557,-0.234782,1.233767,-0.400118,0.952663,-0.216503,1.234553,-0.437108,0.935059,-0.033510,-0.603385,-0.008200,-0.796703,-0.006739,1.227508,0.131682,0.000236,0.020231,1.229175,0.154298,0.946383,-0.027725,1.225280,0.147699,0.957925,0.007616,1.229669,0.116700,0.958179,-0.027079,1.225909,0.108029,0.979969,-0.010042,-0.709980,-0.031443,-0.703447,0.480280,0.636346,-0.034468,0.000341,0.462215,0.634978,-0.052668,0.915090,0.504553,0.637643,-0.052316,0.952263,0.491369,0.636884,-0.003597,0.915127,0.462982,0.635878,-0.029290,0.940170,0.462299,0.635152,-0.052368,0.504522,0.637580,-0.052141,0.491313,0.636974,-0.003939,0.462985,0.635677,-0.029423,-0.192080,1.234447,-0.418585,-0.239405,1.234751,-0.445609,-0.234659,1.233797,-0.400265,-0.216545,1.234799,-0.437044,0.020081,1.229166,0.154155,-0.027572,1.225297,0.147622,0.007572,1.229661,0.116858,-0.027037,1.225910,0.108093
114,0.950000,-0.023397,0.000025,-0.040219,-0.998917,-0.220676,1.234445,-0.425380,0.000267,-0.191880,1.234566,-0.418565,0.940418,-0.239529,1.234900,-0.445720,0.943176,-0.234788,1.233766,-0.400123,0.950852,-0.216506,1.234549,-0.437111,0.935992,-0.033546,-0.603310,-0.008328,-0.796757,-0.006736,1.227512,0.131680,0.000238,0.020230,1.229178,0.154302,0.945416,-0.027724,1.225277,0.147693,0.957201,0.007622,1.229678,0.116702,0.960438,-0.027071,1.225914,0.108023,0.980824,-0.010166,-0.709928,-0.031393,-0.703500,0.480289,0.636351,-0.034466,0.000346,0.462226,0.634990,-0.052670,0.911410,0.504565,0.637644,-0.052311,0.951565,0.491374,0.636883,-0.003594,0.911550,0.462990,0.635887,-0.029291,0.939797,0.462320,0.635164,-0.052375,0.504518,0.637580,-0.052134,0.491320,0.636973,-0.003932,0.462997,0.635687,-0.029424,-0.192084,1.234445,-0.418592,-0.239399,1.234749,-0.445610,-0.234667,1.233796,-0.400275,-0.216553,1.234791,-0.437043,0.020069,1.229169,0.154154,-0.027569,1.225293,0.147622,0.007586,1.229668,0.116855,-0.027029,1.225917,0.108087
115,0.958333,-0.023317,0.000024,-0.040166,-0.998921,-0.220661,1.234446,-0.425368,0.000284,-0.191865,1.234565,-0.418553,0.940418,-0.239514,1.234900,-0.445709,0.943176,-0.234774,1.233773,-0.400111,0.950852,-0.216491,1.234547,-0.437099,0.935992,-0.033413,-0.603406,-0.008220,-0.796691,-0.006735,1.227511,0.131684,0.000249,0.020236,1.229185,0.154299,0.945416,-0.027719,1.225281,0.147703,0.957201,0.007620,1.229672,0.116702,0.960438,-0.027076,1.225905,0.108033,0.980824,-0.010120,-0.710000,-0.031507,-0.703424,0.480286,0.636353,-0.034463,0.000337,0.462220,0.634990,-0.052663,0.911410,0.504558,0.637653,-0.052312,0.951565,0.491377,0.636885,-0.003593,0.911550,0.462988,0.635885,-0.029284,0.939797,0.462305,0.635165,-0.052372,0.504517,0.637589,-0.052137,0.491328,0.636976,-0.003923,0.462994,0.635683,-0.029421,-0.192081,1.234439,-0.418584,-0.239366,1.234742,-0.445582,-0.234653,1.233804,-0.400268,-0.216544,1.234800,-0.437038,0.020085,1.229175,0.154154,-0.027562,1.225299,0.147619,0.007562,1.229662,0.116863,-0.027024,1.225907,0.108103
116,0.966667,-0.023156,0.000046,-0.040087,-0.998928,-0.220682,1.234457,-0.425385,0.000272,-0.191886,1.234574,-0.418569,0.940408,-0.239533,1.234907,-0.445727,0.941125,-0.234796,1.233794,-0.400129,0.949413,-0.216511,1.234554,-0.437116,0.934678,-0.033505,-0.603405,-0.007979,-0.796690,-0.006738,1.227519,0.131683,0.000247,0.020234,1.229183,0.154297,0.945093,-0.027723,1.225302,0.147702,0.957082,0.007617,1.229671,0.116700,0.957002,-0.027080,1.225920,0.108032,0.978995,-0.010347,-0.709926,-0.031239,-0.703507,0.480282,0.636356,-0.034459,0.000338,0.462219,0.635004,-0.052662,0.911271,0.504559,0.637638,-0.052303,0.953445,0.491367,0.636882,-0.003586,0.913170,0.462983,0.635900,-0.029283,0.939726,0.462322,0.635183,-0.052373,0.504511,0.637572,-0.052135,0.491315,0.636974,-0.003917,0.462979,0.635695,-0.029409,-0.192089,1.234450,-0.418592,-0.239401,1.234753,-0.445608,-0.234674,1.233825,-0.400288,-0.216562,1.234802,-0.437052,0.020079,1.229172,0.154141,-0.027572,1.225320,0.147623,0.007572,1.229664,0.116866,-0.027032,1.225920,0.108101
117,0.975000,-0.023281,-0.000056,-0.040207,-0.998920,-0.220678,1.234439,-0.425375,0.000271,-0.191882,1.234561,-0.418564,0.940408,-0.239535,1.234890,-0.445712,0.941125,-0.234787,1.233766,-0.400116,0.949413,-0.216510,1.234540,-0.437107,0.934678,-0.033501,-0.603337,-0.008149,-0.796740,-0.006741,1.227511,0.131677,0.000249,0.020227,1.229177,0.154296,0.945093,-0.027728,1.225285,0.147692,0.957082,0.007616,1.229669,0.116697,0.957002,-0.027078,1.225911,0.108022,0.978995,-0.010292,-0.709965,-0.031171,-0.703472,0.480282,0.636347,-0.034463,0.000340,0.462217,0.634993,-0.052664,0.911271,0.504557,0.637626,-0.052310,0.953445,0.491370,0.636878,-0.003592,0.913170,0.462983,0.635893,-0.029286,0.939726,0.462311,0.635178,-0.052372,0.504509,0.637558,-0.052134,0.491326,0.636975,-0.003922,0.462980,0.635679,-0.029425,-0.192092,1.234436,-0.418589,-0.239405,1.234734,-0.445609,-0.234657,1.233797,-0.400267,-0.216559,1.234789,-0.437034,0.020066,1.229167,0.154143,-0.027573,1.225302,0.147615,0.007572,1.229660,0.116857,-0.027029,1.225913,0.108092
118,0.983333,-0.023435,-0.000108,-0.040184,-0.998917,-0.220666,1.234441,-0.425374,0.000279,-0.191869,1.234560,-0.418567,0.937100,-0.239525,1.234899,-0.445710,0.937482,-0.234772,1.233761,-0.400114,0.950994,-0.216499,1.234545,-0.437107,0.934955,-0.033378,-0.603355,-0.008257,-0.796731,-0.006737,1.227505,0.131677,0.000242,0.020231,1.229182,0.154296,0.945194,-0.027723,1.225274,0.147693,0.957614,0.007619,1.229668,0.116697,0.957572,-0.027074,1.225897,0.108023,0.980447,-0.010436,-0.709980,-0.031399,-0.703444,0.480283,0.636339,-0.034468,0.000340,0.462217,0.634992,-0.052669,0.912794,0.504556,0.637629,-0.052316,0.951187,0.491373,0.636855,-0.003597,0.912617,0.462984,0.635880,-0.029290,0.939020,0.462305,0.635169,-0.052382,0.504511,0.637564,-0.052138,0.491324,0.636948,-0.003931,0.462990,0.635675,-0.029422,-0.192086,1.234435,-0.418589,-0.239375,1.234743,-0.445584,-0.234648,1.233792,-0.400263,-0.216555,1.234795,-0.437062,0.020076,1.229167,0.154141,-0.027572,1.225296,0.147619,0.007578,1.229667,0.116862,-0.027029,1.225891,0.108087
119,0.991667,-0.023275,-0.000010,-0.040208,-0.998920,-0.220681,1.234435,-0.425377,0.000274,-0.191885,1.234557,-0.418563,0.937100,-0.239536,1.234885,-0.445716,0.937482,-0.234792,1.233762,-0.400119,0.950994,-0.216512,1.234535,-0.437108,0.934955,-0.033480,-0.603364,-0.008262,-0.796720,-0.006744,1.227504,0.131683,0.000242,0.020225,1.229174,0.154301,0.945194,-0.027730,1.225273,0.147700,0.957614,0.007612,1.229668,0.116703,0.957572,-0.027082,1.225903,0.108030,0.980447,-0.010233,-0.709963,-0.031521,-0.703459,0.480276,0.636345,-0.034468,0.000344,0.462211,0.634987,-0.052669,0.912794,0.504550,0.637644,-0.052314,0.951187,0.491364,0.636869,-0.003596,0.912617,0.462977,0.635878,-0.029291,0.939020,0.462305,0.635172,-0.052378,0.504503,0.637576,-0.052137,0.491313,0.636966,-0.003932,0.462982,0.635664,-0.029423,-0.192105,1.234436,-0.418584,-0.239400,1.234734,-0.445610,-0.234658,1.233792,-0.400265,-0.216562,1.234778,-0.437047,0.020064,1.229158,0.154155,-0.027570,1.225296,0.147622,0.007572,1.229668,0.116859,-0.027041,1.225896,0.108097
120,1.000000,-0.023211,0.000167,-0.040083,-0.998927,-0.220683,1.234444,-0.425374,0.000291,-0.191890,1.234559,-0.418551,0.936969,-0.239530,1.234896,-0.445721,0.942806,-0.234803,1.233777,-0.400121,0.949824,-0.216510,1.234542,-0.437104,0.936123,-0.033561,-0.603358,-0.008249,-0.796721,-0.006751,1.227507,0.131684,0.000241,0.020218,1.229171,0.154302,0.945637,-0.027737,1.225276,0.147700,0.955262,0.007606,1.229670,0.116704,0.959667,-0.027089,1.225910,0.108030,0.980223,-0.010406,-0.709956,-0.031603,-0.703460,0.480277,0.636347,-0.034466,0.000341,0.462213,0.634998,-0.052668,0.910509,0.504552,0.637650,-0.052312,0.951175,0.491365,0.636859,-0.003595,0.911718,0.462979,0.635881,-0.029289,0.936939,0.462308,0.635181,-0.052371,0.504513,0.637583,-0.052143,0.491309,0.636954,-0.003933,0.462979,0.635669,-0.029418,-0.192104,1.234434,-0.418584,-0.239380,1.234740,-0.445584,-0.234686,1.233808,-0.400287,-0.216564,1.234792,-0.437043,0.020065,1.229149,0.154144,-0.027590,1.225303,0.147626,0.007567,1.229678,0.116872,-0.027044,1.225896,0.108093
121,1.008333,-0.023263,0.000061,-0.040086,-0.998925,-0.220681,1.234434,-0.425378,0.000272,-0.191886,1.234549,-0.418561,0.937038,-0.239533,1.234888,-0.445720,0.942006,-0.234796,1.233765,-0.400122,0.950414,-0.216510,1.234533,-0.437109,0.933466,-0.033453,-0.603334,-0.008189,-0.796744,-0.006744,1.227510,0.131678,0.000244,0.020223,1.229181,0.154297,0.943898,-0.027731,1.225283,0.147693,0.957218,0.007614,1.229671,0.116698,0.957171,-0.027081,1.225908,0.108023,0.980585,-0.010399,-0.710002,-0.031408,-0.703422,0.480279,0.636342,-0.034466,0.000335,0.462212,0.634993,-0.052666,0.910429,0.504552,0.637633,-0.052316,0.954881,0.491371,0.636860,-0.003596,0.911871,0.462981,0.635882,-0.029287,0.939096,0.462302,0.635172,-0.052369,0.504520,0.637569,-0.052150,0.491313,0.636953,-0.003931,0.462982,0.635674,-0.029415,-0.192102,1.234422,-0.418587,-0.239398,1.234731,-0.445616,-0.234666,1.233796,-0.400269,-0.216559,1.234786,-0.437041,0.020064,1.229164,0.154141,-0.027576,1.225306,0.147623,0.007571,1.229671,0.116864,-0.027033,1.225901,0.108084
122,1.016667,-0.023030,0.000075,-0.040230,-0.998925,-0.220694,1.234427,-0.425383,0.000273,-0.191899,1.234554,-0.418564,0.937038,-0.239544,1.234867,-0.445726,0.942006,-0.234809,1.233766,-0.400127,0.950414,-0.216522,1.234522,-0.437114,0.933466,-0.033397,-0.603346,-0.008173,-0.796738,-0.006744,1.227499,0.131678,0.000246,0.020224,1.229173,0.154297,0.943898,-0.027731,1.225272,0.147694,0.957218,0.007613,1.229658,0.116698,0.957171,-0.027081,1.225892,0.108024,0.980585,-0.010353,-0.710000,-0.031329,-0.703428,0.480277,0.636343,-0.034465,0.000336,0.462211,0.634992,-0.052665,0.910429,0.504550,0.637631,-0.052314,0.954881,0.491369,0.636866,-0.003595,0.911871,0.462979,0.635885,-0.029286,0.939096,0.462302,0.635175,-0.052371,0.504509,0.637564,-0.052142,0.491322,0.636962,-0.003924,0.462977,0.635673,-0.029423,-0.192103,1.234432,-0.418591,-0.239411,1.234715,-0.445609,-0.234688,1.233796,-0.400286,-0.216572,1.234766,-0.437045,0.020062,1.229149,0.154139,-0.027573,1.225301,0.147620,0.007575,1.229667,0.116866,-0.027039,1.225877,0.108086
123,1.025000,-0.023101,0.000129,-0.040102,-0.998929,-0.220693,1.234428,-0.425383,0.000272,-0.191899,1.234546,-0.418561,0.939756,-0.239541,1.234875,-0.445728,0.942032,-0.234811,1.233767,-0.400129,0.950210,-0.216520,1.234523,-0.437113,0.934691,-0.033478,-0.603433,-0.008218,-0.796668,-0.006751,1.227500,0.131681,0.000241,0.020222,1.229169,0.154294,0.944121,-0.027734,1.225270,0.147701,0.959504,0.007603,1.229661,0.116698,0.956609,-0.027093,1.225898,0.108031,0.980497,-0.010446,-0.709976,-0.031341,-0.703451,0.480277,0.636340,-0.034470,0.000347,0.462211,0.634993,-0.052671,0.911191,0.504551,0.637627,-0.052318,0.952467,0.491367,0.636857,-0.003600,0.912187,0.462978,0.635882,-0.029293,0.939693,0.462308,0.635169,-0.052379,0.504500,0.637562,-0.052147,0.491309,0.636948,-0.003934,0.462990,0.635679,-0.029422,-0.192104,1.234423,-0.418591,-0.239411,1.234721,-0.445614,-0.234692,1.233797,-0.400285,-0.216566,1.234770,-0.437040,0.020067,1.229152,0.154134,-0.027588,1.225293,0.147635,0.007560,1.229663,0.116866,-0.027042,1.225891,0.108090
124,1.033333,-0.023321,-0.000029,-0.040356,-0.998913,-0.220683,1.234428,-0.425369,0.000284,-0.191887,1.234558,-0.418557,0.939756,-0.239538,1.234874,-0.445708,0.942032,-0.234793,1.233749,-0.400111,0.950210,-0.216514,1.234530,-0.437101,0.934691,-0.033597,-0.603373,-0.008306,-0.796708,-0.006744,1.227505,0.131677,0.000246,0.020225,1.229167,0.154295,0.944121,-0.027730,1.225271,0.147694,0.959504,0.007611,1.229671,0.116697,0.956609,-0.027084,1.225910,0.108024,0.980497,-0.010633,-0.710020,-0.031308,-0.703404,0.480274,0.636341,-0.034466,0.000341,0.462205,0.635004,-0.052665,0.911191,0.504546,0.637624,-0.052317,0.952467,0.491369,0.636848,-0.003597,0.912187,0.462976,0.635888,-0.029286,0.939693,0.462305,0.635183,-0.052376,0.504496,0.637558,-0.052151,0.491311,0.636941,-0.003927,0.462984,0.635681,-0.029412,-0.192104,1.234435,-0.418585,-0.239392,1.234721,-0.445587,-0.234666,1.233779,-0.400267,-0.216570,1.234775,-0.437037,0.020068,1.229143,0.154134,-0.027582,1.225300,0.147615,0.007577,1.229683,0.116866,-0.027040,1.225892,0.108095
125,1.041667,-0.022949,0.000142,-0.040033,-0.998935,-0.220696,1.234429,-0.425386,0.000264,-0.191902,1.234545,-0.418563,0.942167,-0.239544,1.234873,-0.445731,0.942214,-0.234816,1.233777,-0.400132,0.950955,-0.216523,1.234520,-0.437116,0.935391,-0.033612,-0.603319,-0.008320,-0.796748,-0.006742,1.227498,0.131676,0.000246,0.020224,1.229160,0.154298,0.943823,-0.027730,1.225264,0.147690,0.955131,0.007616,1.229665,0.116698,0.956492,-0.027078,1.225905,0.108020,0.980749,-0.010541,-0.709979,-0.031324,-0.703447,0.480279,0.636346,-0.034469,0.000352,0.462213,0.635004,-0.052670,0.910383,0.504553,0.637632,-0.052317,0.952312,0.491370,0.636858,-0.003598,0.909612,0.462981,0.635891,-0.029291,0.939363,0.462309,0.635185,-0.052375,0.504505,0.637565,-0.052145,0.491305,0.636952,-0.003942,0.462998,0.635684,-0.029415,-0.192097,1.234422,-0.418587,-0.239414,1.234720,-0.445616,-0.234699,1.233807,-0.400287,-0.216575,1.234765,-0.437052,0.020064,1.229136,0.154142,-0.027570,1.225294,0.147614,0.007574,1.229676,0.116867,-0.027036,1.225888,0.108082
126,1.050000,-0.023176,-0.000076,-0.040221,-0.998922,-0.220678,1.234428,-0.425382,0.000271,-0.191881,1.234552,-0.418573,0.942167,-0.239535,1.234873,-0.445720,0.942214,-0.234786,1.233760,-0.400123,0.950955,-0.216510,1.234526,-0.437115,0.935391,-0.033403,-0.603390,-0.008090,-0.796705,-0.006742,1.227503,0.131678,0.000244,0.020229,1.229175,0.154294,0.943823,-0.027727,1.225280,0.147697,0.955131,0.007613,1.229659,0.116696,0.956492,-0.027082,1.225897,0.108027,0.980749,-0.010561,-0.709996,-0.031490,-0.703422,0.480293,0.636340,-0.034468,0.000362,0.462226,0.634999,-0.052668,0.910383,0.504566,0.637635,-0.052317,0.952312,0.491386,0.636846,-0.003598,0.909612,0.462995,0.635880,-0.029289,0.939363,0.462311,0.635189,-0.052384,0.504509,0.637565,-0.052141,0.491305,0.636946,-0.003944,0.463049,0.635661,-0.029402,-0.192090,1.234427,-0.418593,-0.239408,1.234718,-0.445612,-0.234655,1.233790,-0.400279,-0.216559,1.234775,-0.437046,0.020065,1.229149,0.154133,-0.027570,1.225312,0.147632,0.007574,1.229673,0.116865,-0.027036,1.225878,0.108083
127,1.058333,-0.023063,0.000227,-0.040042,-0.998932,-0.220691,1.234423,-0.425394,0.000266,-0.191899,1.234537,-0.418567,0.941626,-0.239536,1.234871,-0.445742,0.941383,-0.234815,1.233765,-0.400142,0.952026,-0.216516,1.234517,-0.437123,0.936655,-0.033557,-0.603392,-0.008155,-0.796697,-0.006748,1.227502,0.131682,0.000238,0.020223,1.229164,0.154298,0.943538,-0.027733,1.225276,0.147700,0.958173,0.007608,1.229661,0.116700,0.956483,-0.027088,1.225905,0.108030,0.982233,-0.010676,-0.710056,-0.031476,-0.703360,0.480275,0.636339,-0.034474,0.000355,0.462205,0.635004,-0.052671,0.910328,0.504545,0.637632,-0.052327,0.950828,0.491373,0.636839,-0.003606,0.908005,0.462978,0.635881,-0.029292,0.940362,0.462307,0.635182,-0.052376,0.504496,0.637566,-0.052148,0.491314,0.636931,-0.003957,0.462984,0.635676,-0.029414,-0.192097,1.234417,-0.418595,-0.239402,1.234720,-0.445622,-0.234702,1.233794,-0.400295,-0.216565,1.234758,-0.437063,0.020065,1.229141,0.154138,-0.027581,1.225304,0.147636,0.007571,1.229672,0.116870,-0.027045,1.225889,0.108084
128,1.066667,-0.023078,-0.000128,-0.040343,-0.998919,-0.220684,1.234416,-0.425385,0.000267,-0.191887,1.234549,-0.418578,0.941626,-0.239543,1.234853,-0.445720,0.941383,-0.234789,1.233750,-0.400124,0.952026,-0.216517,1.234513,-0.437117,0.936655,-0.033488,-0.603303,-0.008078,-0.796767,-0.006747,1.227505,0.131679,0.000236,0.020219,1.229172,0.154300,0.943538,-0.027736,1.225284,0.147693,0.958173,0.007612,1.229661,0.116700,0.956483,-0.027082,1.225905,0.108023,0.982233,-0.010534,-0.709935,-0.031382,-0.703489,0.480274,0.636339,-0.034476,0.000345,0.462210,0.634997,-0.052679,0.910328,0.504550,0.637628,-0.052321,0.950828,0.491361,0.636850,-0.003604,0.908005,0.462975,0.635882,-0.029300,0.940362,0.462306,0.635176,-0.052385,0.504505,0.637562,-0.052148,0.491306,0.636943,-0.003941,0.462980,0.635675,-0.029430,-0.192093,1.234428,-0.418594,-0.239415,1.234703,-0.445614,-0.234658,1.233779,-0.400276,-0.216570,1.234754,-0.437055,0.020048,1.229146,0.154147,-0.027574,1.225313,0.147636,0.007582,1.229674,0.116857,-0.027042,1.225888,0.108076
129,1.075000,-0.022966,0.000134,-0.039978,-0.998937,-0.220688,1.234427,-0.425386,0.000284,-0.191894,1.234540,-0.418564,0.940687,-0.239536,1.234874,-0.445731,0.936392,-0.234807,1.233777,-0.400132,0.949873,-0.216515,1.234519,-0.437116,0.935966,-0.033477,-0.603393,-0.008140,-0.796699,-0.006746,1.227505,0.131677,0.000242,0.020225,1.229173,0.154292,0.945403,-0.027731,1.225280,0.147695,0.958162,0.007609,1.229663,0.116695,0.958762,-0.027087,1.225904,0.108025,0.978742,-0.010828,-0.709991,-0.031466,-0.703424,0.480271,0.636338,-0.034471,0.000349,0.462204,0.635010,-0.052671,0.912034,0.504545,0.637629,-0.052319,0.954317,0.491364,0.636829,-0.003600,0.911482,0.462973,0.635883,-0.029292,0.942938,0.462308,0.635181,-0.052381,0.504492,0.637566,-0.052156,0.491296,0.636916,-0.003937,0.462990,0.635688,-0.029409,-0.192095,1.234419,-0.418597,-0.239386,1.234722,-0.445592,-0.234697,1.233806,-0.400297,-0.216572,1.234761,-0.437057,0.020070,1.229152,0.154140,-0.027583,1.225307,0.147623,0.007564,1.229671,0.116853,-0.027035,1.225891,0.108091
130,1.083333,-0.023188,-0.000069,-0.040139,-0.998925,-0.220686,1.234426,-0.425382,0.000269,-0.191889,1.234545,-0.418572,0.940687,-0.239542,1.234875,-0.445719,0.936392,-0.234794,1.233760,-0.400122,0.949873,-0.216517,1.234524,-0.437114,0.935966,-0.033495,-0.603287,-0.008134,-0.796779,-0.006744,1.227503,0.131677,0.000256,0.020220,1.229169,0.154300,0.945403,-0.027734,1.225278,0.147690,0.958162,0.007615,1.229661,0.116699,0.958762,-0.027079,1.225903,0.108020,0.978742,-0.010506,-0.709976,-0.031220,-0.703455,0.480271,0.636340,-0.034467,0.000350,0.462205,0.634996,-0.052667,0.912034,0.504546,0.637619,-0.052314,0.954317,0.491361,0.636857,-0.003596,0.911482,0.462973,0.635887,-0.029289,0.942938,0.462306,0.635169,-0.052374,0.504497,0.637556,-0.052144,0.491297,0.636946,-0.003938,0.462985,0.635689,-0.029409,-0.192105,1.234423,-0.418593,-0.239415,1.234723,-0.445616,-0.234661,1.233789,-0.400270,-0.216561,1.234768,-0.437047,0.020054,1.229144,0.154131,-0.027580,1.225308,0.147621,0.007572,1.229673,0.116872,-0.027023,1.225886,0.108087
131,1.091667,-0.023214,-0.000196,-0.040155,-0.998924,-0.220685,1.234417,-0.425382,0.000278,-0.191886,1.234537,-0.418580,0.940033,-0.239547,1.234866,-0.445715,0.940420,-0.234787,1.233749,-0.400119,0.949414,-0.216520,1.234516,-0.437115,0.938689,-0.033473,-0.603342,-0.008246,-0.796737,-0.006750,1.227507,0.131676,0.000243,0.020217,1.229177,0.154295,0.944179,-0.027737,1.225276,0.147691,0.957291,0.007607,1.229670,0.116696,0.958192,-0.027087,1.225905,0.108021,0.978684,-0.010640,-0.709928,-0.031333,-0.703496,0.480275,0.636341,-0.034466,0.000352,0.462211,0.635005,-0.052669,0.909280,0.504552,0.637626,-0.052310,0.953370,0.491362,0.636847,-0.003593,0.909565,0.462976,0.635888,-0.029290,0.939619,0.462316,0.635186,-0.052373,0.504502,0.637559,-0.052143,0.491295,0.636941,-0.003936,0.462987,0.635679,-0.029410,-0.192095,1.234421,-0.418602,-0.239406,1.234721,-0.445588,-0.234664,1.233778,-0.400277,-0.216574,1.234748,-0.437060,0.020060,1.229153,0.154138,-0.027589,1.225305,0.147611,0.007575,1.229681,0.116860,-0.027046,1.225888,0.108094
132,1.100000,-0.022906,0.000089,-0.040106,-0.998933,-0.220689,1.234426,-0.425393,0.000273,-0.191895,1.234547,-0.418574,0.940033,-0.239539,1.234865,-0.445737,0.940420,-0.234806,1.233775,-0.400138,0.949414,-0.216517,1.234517,-0.437124,0.938689,-0.033520,-0.603377,-0.008187,-0.796709,-0.006749,1.227500,0.131674,0.000245,0.020221,1.229166,0.154290,0.944179,-0.027734,1.225272,0.147691,0.957291,0.007607,1.229661,0.116693,0.958192,-0.027088,1.225901,0.108021,0.978684,-0.010462,-0.709971,-0.031379,-0.703454,0.480268,0.636331,-0.034477,0.000349,0.462202,0.634985,-0.052679,0.909280,0.504542,0.637620,-0.052325,0.953370,0.491358,0.636846,-0.003606,0.909565,0.462969,0.635873,-0.029300,0.939619,0.462304,0.635161,-0.052390,0.504488,0.637555,-0.052153,0.491298,0.636937,-0.003944,0.462981,0.635671,-0.029423,-0.192100,1.234429,-0.418599,-0.239410,1.234717,-0.445615,-0.234686,1.233804,-0.400299,-0.216560,1.234755,-0.437061,0.020059,1.229144,0.154135,-0.027578,1.225300,0.147618,0.007569,1.229669,0.116857,-0.027045,1.225887,0.108085
133,1.108333,-0.023135,-0.000003,-0.040239,-0.998922,-0.220673,1.234422,-0.425379,0.000282,-0.191878,1.234547,-0.418565,0.937369,-0.239527,1.234865,-0.445719,0.939563,-0.234785,1.233755,-0.400121,0.949439,-0.216504,1.234519,-0.437110,0.936142,-0.033487,-0.603367,-0.008243,-0.796718,-0.006750,1.227499,0.131677,0.000240,0.020219,1.229168,0.154295,0.944331,-0.027736,1.225268,0.147694,0.956020,0.007606,1.229661,0.116697,0.957295,-0.027088,1.225898,0.108024,0.981863,-0.010620,-0.709985,-0.031261,-0.703443,0.480265,0.636335,-0.034475,0.000352,0.462198,0.634997,-0.052675,0.912367,0.504539,0.637615,-0.052323,0.952210,0.491356,0.636844,-0.003604,0.911565,0.462966,0.635883,-0.029296,0.942070,0.462292,0.635163,-0.052381,0.504486,0.637554,-0.052150,0.491294,0.636929,-0.003942,0.462987,0.635692,-0.029426,-0.192096,1.234426,-0.418589,-0.239381,1.234714,-0.445599,-0.234656,1.233785,-0.400274,-0.216560,1.234761,-0.437053,0.020060,1.229144,0.154141,-0.027578,1.225298,0.147621,0.007570,1.229672,0.116863,-0.027050,1.225881,0.108083
134,1.116667,-0.022870,0.000147,-0.040098,-0.998934,-0.220689,1.234431,-0.425392,0.000254,-0.191896,1.234551,-0.418569,0.937369,-0.239537,1.234869,-0.445738,0.939563,-0.234809,1.233781,-0.400138,0.949439,-0.216516,1.234521,-0.437122,0.936142,-0.033492,-0.603327,-0.008181,-0.796748,-0.006750,1.227503,0.131673,0.000242,0.020216,1.229170,0.154293,0.944331,-0.027738,1.225275,0.147687,0.956020,0.007607,1.229663,0.116693,0.957295,-0.027087,1.225902,0.108017,0.981863,-0.010406,-0.709996,-0.031394,-0.703429,0.480270,0.636345,-0.034469,0.000346,0.462203,0.634996,-0.052668,0.912367,0.504543,0.637636,-0.052318,0.952210,0.491362,0.636863,-0.003598,0.911565,0.462972,0.635885,-0.029290,0.942070,0.462296,0.635176,-0.052373,0.504499,0.637570,-0.052145,0.491302,0.636956,-0.003937,0.462982,0.635679,-0.029419,-0.192085,1.234432,-0.418598,-0.239410,1.234719,-0.445626,-0.234702,1.233810,-0.400284,-0.216561,1.234761,-0.437061,0.020053,1.229150,0.154132,-0.027585,1.225301,0.147621,0.007574,1.229668,0.116859,-0.027043,1.225891,0.108078
135,1.125000,-0.022884,0.000111,-0.039973,-0.998939,-0.220691,1.234430,-0.425385,0.000275,-0.191897,1.234544,-0.418565,0.939600,-0.239540,1.234874,-0.445730,0.942965,-0.234809,1.233784,-0.400131,0.949109,-0.216518,1.234520,-0.437116,0.935210,-0.033466,-0.603359,-0.008092,-0.796726,-0.006748,1.227504,0.131678,0.000238,0.020221,1.229172,0.154296,0.943931,-0.027735,1.225281,0.147695,0.958239,0.007608,1.229660,0.116697,0.957743,-0.027087,1.225902,0.108025,0.980671,-0.010507,-0.709954,-0.031288,-0.703474,0.480273,0.636342,-0.034470,0.000347,0.462208,0.634999,-0.052672,0.910553,0.504548,0.637626,-0.052316,0.954391,0.491361,0.636857,-0.003599,0.912361,0.462974,0.635888,-0.029293,0.939114,0.462304,0.635179,-0.052378,0.504499,0.637560,-0.052154,0.491293,0.636951,-0.003930,0.462996,0.635681,-0.029419,-0.192103,1.234423,-0.418595,-0.239409,1.234723,-0.445620,-0.234685,1.233814,-0.400289,-0.216566,1.234762,-0.437037,0.020063,1.229149,0.154138,-0.027587,1.225310,0.147623,0.007578,1.229672,0.116863,-0.027047,1.225885,0.108089
136,1.133333,-0.023288,-0.000053,-0.040229,-0.998919,-0.220680,1.234433,-0.425392,0.000271,-0.191884,1.234556,-0.418582,0.938092,-0.239537,1.234882,-0.445730,0.942611,-0.234789,1.233759,-0.400133,0.950031,-0.216512,1.234533,-0.437124,0.936208,-0.033486,-0.603365,-0.008243,-0.796719,-0.006750,1.227505,0.131675,0.000241,0.020218,1.229174,0.154293,0.942296,-0.027736,1.225275,0.147692,0.955345,0.007606,1.229668,0.116695,0.959077,-0.027089,1.225904,0.108022,0.982073,-0.010372,-0.710060,-0.031566,-0.703357,0.480287,0.636338,-0.034467,0.000356,0.462218,0.634987,-0.052664,0.912652,0.504556,0.637639,-0.052320,0.952648,0.491384,0.636853,-0.003599,0.911523,0.462990,0.635872,-0.029285,0.938833,0.462310,0.635170,-0.052381,0.504494,0.637571,-0.052155,0.491306,0.636948,-0.003931,0.463038,0.635663,-0.029402,-0.192099,1.234434,-0.418602,-0.239403,1.234731,-0.445621,-0.234659,1.233788,-0.400282,-0.216561,1.234776,-0.437065,0.020048,1.229153,0.154139,-0.027574,1.225302,0.147623,0.007579,1.229676,0.116856,-0.027055,1.225891,0.108084
137,1.141667,-0.023012,0.000220,-0.040052,-0.998933,-0.220687,1.234432,-0.425390,0.000266,-0.191895,1.234549,-0.418563,0.938092,-0.239532,1.234878,-0.445739,0.942611,-0.234810,1.233777,-0.400138,0.950031,-0.216512,1.234525,-0.437120,0.936208,-0.033529,-0.603378,-0.008370,-0.796706,-0.006744,1.227500,0.131677,0.000237,0.020226,1.229168,0.154294,0.942296,-0.027729,1.225263,0.147694,0.955345,0.007612,1.229668,0.116697,0.959077,-0.027083,1.225901,0.108024,0.982073,-0.010391,-0.709915,-0.031543,-0.703504,0.480274,0.636342,-0.034469,0.000341,0.462211,0.634993,-0.052673,0.912652,0.504550,0.637642,-0.052312,0.952648,0.491358,0.636857,-0.003596,0.911523,0.462974,0.635878,-0.029294,0.938833,0.462310,0.635169,-0.052386,0.504502,0.637577,-0.052145,0.491299,0.636948,-0.003929,0.462983,0.635675,-0.029415,-0.192098,1.234428,-0.418592,-0.239402,1.234728,-0.445623,-0.234695,1.233806,-0.400289,-0.216554,1.234766,-0.437055,0.020072,1.229150,0.154137,-0.027579,1.225288,0.147630,0.007568,1.229672,0.116865,-0.027035,1.225891,0.108076
138,1.150000,-0.023374,-0.000124,-0.040255,-0.998916,-0.220682,1.234433,-0.425380,0.000281,-0.191884,1.234557,-0.418573,0.936674,-0.239541,1.234885,-0.445715,0.937759,-0.234787,1.233754,-0.400119,0.949287,-0.216515,1.234536,-0.437112,0.933146,-0.033528,-0.603322,-0.008123,-0.796751,-0.006753,1.227504,0.131678,0.000246,0.020214,1.229169,0.154298,0.942784,-0.027741,1.225280,0.147693,0.956416,0.007605,1.229662,0.116699,0.957125,-0.027090,1.225906,0.108023,0.980519,-0.010136,-0.710009,-0.031586,-0.703411,0.480291,0.636340,-0.034461,0.000356,0.462225,0.634977,-0.052660,0.912184,0.504563,0.637644,-0.052310,0.952229,0.491383,0.636868,-0.003591,0.910331,0.462993,0.635869,-0.029281,0.938280,0.462309,0.635159,-0.052371,0.504508,0.637577,-0.052140,0.491305,0.636962,-0.003928,0.463041,0.635660,-0.029403,-0.192101,1.234428,-0.418596,-0.239399,1.234725,-0.445588,-0.234662,1.233786,-0.400275,-0.216565,1.234794,-0.437060,0.020050,1.229147,0.154140,-0.027584,1.225308,0.147622,0.007566,1.229670,0.116866,-0.027045,1.225893,0.108085
139,1.158333,-0.023093,0.000176,-0.040036,-0.998931,-0.220681,1.234444,-0.425383,0.000267,-0.191888,1.234558,-0.418559,0.936674,-0.239528,1.234894,-0.445730,0.937759,-0.234802,1.233785,-0.400130,0.949287,-0.216507,1.234539,-0.437113,0.933146,-0.033464,-0.603339,-0.008296,-0.796739,-0.006742,1.227509,0.131677,0.000242,0.020225,1.229181,0.154296,0.942784,-0.027729,1.225276,0.147692,0.956416,0.007615,1.229674,0.116697,0.957125,-0.027079,1.225907,0.108022,0.980519,-0.010323,-0.709957,-0.031453,-0.703466,0.480275,0.636346,-0.034465,0.000334,0.462211,0.634993,-0.052667,0.912184,0.504550,0.637641,-0.052311,0.952229,0.491363,0.636867,-0.003593,0.910331,0.462976,0.635883,-0.029288,0.938280,0.462304,0.635168,-0.052380,0.504509,0.637577,-0.052148,0.491304,0.636958,-0.003922,0.462983,0.635681,-0.029409,-0.192086,1.234439,-0.418582,-0.239399,1.234744,-0.445612,-0.234684,1.233815,-0.400287,-0.216558,1.234778,-0.437051,0.020068,1.229165,0.154139,-0.027584,1.225298,0.147620,0.007577,1.229675,0.116857,-0.027030,1.225900,0.108091
140,1.166667,-0.023015,0.000133,-0.040129,-0.998929,-0.220687,1.234445,-0.425381,0.000275,-0.191893,1.234566,-0.418559,0.939785,-0.239536,1.234888,-0.445726,0.941812,-0.234806,1.233788,-0.400127,0.948492,-0.216514,1.234539,-0.437111,0.934123,-0.033507,-0.603438,-0.008272,-0.796663,-0.006742,1.227509,0.131677,0.000237,0.020231,1.229177,0.154290,0.946084,-0.027725,1.225276,0.147697,0.958991,0.007611,1.229673,0.116694,0.957915,-0.027085,1.225909,0.108027,0.980434,-0.010342,-0.709937,-0.031453,-0.703486,0.480285,0.636352,-0.034468,0.000353,0.462221,0.635000,-0.052671,0.908600,0.504560,0.637647,-0.052313,0.950965,0.491371,0.636872,-0.003596,0.910843,0.462986,0.635890,-0.029292,0.936910,0.462324,0.635185,-0.052373,0.504507,0.637579,-0.052137,0.491317,0.636968,-0.003935,0.462991,0.635677,-0.029428,-0.192098,1.234442,-0.418587,-0.239405,1.234734,-0.445611,-0.234683,1.233818,-0.400289,-0.216563,1.234787,-0.437036,0.020081,1.229158,0.154136,-0.027580,1.225302,0.147624,0.007573,1.229679,0.116858,-0.027040,1.225897,0.108091
141,1.175000,-0.022986,0.000339,-0.040137,-0.998930,-0.220680,1.234447,-0.425382,0.000269,-0.191889,1.234569,-0.418549,0.939785,-0.239520,1.234889,-0.445735,0.941812,-0.234809,1.233791,-0.400134,0.948492,-0.216502,1.234541,-0.437111,0.934123,-0.033532,-0.603288,-0.008305,-0.796775,-0.006741,1.227511,0.131674,0.000241,0.020223,1.229177,0.154298,0.946084,-0.027730,1.225277,0.147686,0.958991,0.007617,1.229676,0.116697,0.957915,-0.027075,1.225912,0.108017,0.980434,-0.010517,-0.709930,-0.031503,-0.703489,0.480277,0.636343,-0.034472,0.000355,0.462214,0.635000,-0.052675,0.908600,0.504553,0.637639,-0.052316,0.950965,0.491364,0.636851,-0.003600,0.910843,0.462978,0.635882,-0.029296,0.936910,0.462317,0.635178,-0.052379,0.504501,0.637573,-0.052143,0.491302,0.636943,-0.003944,0.462990,0.635676,-0.029422,-0.192090,1.234448,-0.418575,-0.239386,1.234739,-0.445618,-0.234691,1.233820,-0.400287,-0.216552,1.234782,-0.437049,0.020062,1.229163,0.154143,-0.027575,1.225298,0.147615,0.007582,1.229674,0.116860,-0.027034,1.225908,0.108080
142,1.183333,-0.023199,0.000155,-0.039941,-0.998933,-0.220682,1.234452,-0.425385,0.000267,-0.191889,1.234560,-0.418563,0.941898,-0.239530,1.234910,-0.445731,0.940862,-0.234802,1.233791,-0.400132,0.952110,-0.216509,1.234549,-0.437115,0.936206,-0.033497,-0.603326,-0.008130,-0.796750,-0.006745,1.227506,0.131678,0.000247,0.020222,1.229172,0.154298,0.945632,-0.027733,1.225281,0.147693,0.956434,0.007613,1.229664,0.116699,0.958788,-0.027082,1.225906,0.108023,0.978166,-0.010243,-0.709996,-0.031491,-0.703427,0.480283,0.636351,-0.034472,0.000344,0.462217,0.634994,-0.052671,0.912051,0.504555,0.637649,-0.052321,0.952016,0.491374,0.636876,-0.003601,0.911669,0.462985,0.635886,-0.029293,0.939303,0.462301,0.635170,-0.052379,0.504513,0.637585,-0.052145,0.491317,0.636968,-0.003938,0.463000,0.635682,-0.029425,-0.192084,1.234439,-0.418595,-0.239398,1.234758,-0.445606,-0.234695,1.233821,-0.400288,-0.216552,1.234792,-0.437052,0.020065,1.229156,0.154148,-0.027579,1.225304,0.147614,0.007565,1.229663,0.116856,-0.027031,1.225900,0.108094
143,1.191667,-0.023353,0.000056,-0.040200,-0.998919,-0.220678,1.234443,-0.425379,0.000271,-0.191883,1.234563,-0.418562,0.941898,-0.239530,1.234897,-0.445721,0.940862,-0.234792,1.233766,-0.400123,0.952110,-0.216507,1.234545,-0.437110,0.936206,-0.033463,-0.603310,-0.008100,-0.796764,-0.006744,1.227512,0.131678,0.000243,0.020222,1.229180,0.154299,0.945632,-0.027733,1.225289,0.147692,0.956434,0.007614,1.229669,0.116699,0.958788,-0.027080,1.225910,0.108022,0.978166,-0.010319,-0.709932,-0.031541,-0.703488,0.480274,0.636349,-0.034470,0.000334,0.462212,0.634996,-0.052673,0.912051,0.504550,0.637649,-0.052315,0.952016,0.491360,0.636868,-0.003598,0.911669,0.462975,0.635884,-0.029295,0.939303,0.462301,0.635182,-0.052383,0.504506,0.637581,-0.052144,0.491313,0.636966,-0.003921,0.462977,0.635668,-0.029432,-0.192093,1.234441,-0.418582,-0.239398,1.234744,-0.445612,-0.234662,1.233796,-0.400276,-0.216559,1.234789,-0.437046,0.020069,1.229168,0.154142,-0.027586,1.225308,0.147615,0.007574,1.229664,0.116862,-0.027032,1.225908,0.108091
144,1.200000,-0.023214,0.000020,-0.040262,-0.998920,-0.220662,1.234450,-0.425370,0.000288,-0.191867,1.234576,-0.418555,0.934931,-0.239515,1.234896,-0.445711,0.937683,-0.234775,1.233779,-0.400113,0.949349,-0.216492,1.234549,-0.437101,0.934489,-0.033509,-0.603393,-0.008288,-0.796697,-0.006741,1.227510,0.131676,0.000240,0.020229,1.229178,0.154292,0.947482,-0.027726,1.225277,0.147694,0.958344,0.007614,1.229675,0.116695,0.959881,-0.027081,1.225910,0.108024,0.977843,-0.010243,-0.709983,-0.031340,-0.703447,0.480282,0.636348,-0.034467,0.000343,0.462217,0.634991,-0.052667,0.911686,0.504556,0.637637,-0.052315,0.951409,0.491372,0.636877,-0.003596,0.913091,0.462984,0.635887,-0.029289,0.937927,0.462302,0.635168,-0.052374,0.504510,0.637572,-0.052138,0.491321,0.636970,-0.003927,0.462996,0.635682,-0.029428,-0.192094,1.234451,-0.418582,-0.239366,1.234740,-0.445587,-0.234646,1.233810,-0.400266,-0.216544,1.234800,-0.437045,0.020080,1.229169,0.154144,-0.027583,1.225293,0.147610,0.007574,1.229666,0.116850,-0.027036,1.225911,0.108100
145,1.208333,-0.023410,0.000038,-0.040213,-0.998917,-0.220670,1.234450,-0.425369,0.000279,-0.191875,1.234571,-0.418554,0.934931,-0.239523,1.234906,-0.445710,0.937683,-0.234783,1.233770,-0.400113,0.949349,-0.216500,1.234554,-0.437101,0.934489,-0.033525,-0.603354,-0.008197,-0.796726,-0.006740,1.227516,0.131679,0.000249,0.020228,1.229182,0.154297,0.947482,-0.027727,1.225288,0.147695,0.958344,0.007617,1.229677,0.116699,0.959881,-0.027078,1.225918,0.108025,0.977843,-0.010274,-0.710040,-0.031410,-0.703385,0.480277,0.636346,-0.034470,0.000350,0.462208,0.634990,-0.052668,0.911686,0.504547,0.637639,-0.052322,0.951409,0.491372,0.636871,-0.003601,0.913091,0.462979,0.635883,-0.029289,0.937927,0.462303,0.635164,-0.052375,0.504497,0.637575,-0.052145,0.491315,0.636961,-0.003942,0.462991,0.635683,-0.029420,-0.192088,1.234451,-0.418578,-0.239379,1.234757,-0.445585,-0.234661,1.233800,-0.400267,-0.216554,1.234792,-0.437048,0.020076,1.229174,0.154145,-0.027572,1.225304,0.147606,0.007571,1.229666,0.116867,-0.027035,1.225920,0.108097
146,1.216667,-0.023313,0.000013,-0.040198,-0.998920,-0.220673,1.234450,-0.425371,0.000267,-0.191878,1.234571,-0.418557,0.938547,-0.239527,1.234903,-0.445712,0.943546,-0.234785,1.233776,-0.400114,0.950587,-0.216503,1.234552,-0.437103,0.936334,-0.033452,-0.603264,-0.008207,-0.796798,-0.006742,1.227509,0.131679,0.000237,0.020221,1.229180,0.154304,0.947188,-0.027732,1.225281,0.147691,0.959980,0.007618,1.229670,0.116702,0.958285,-0.027075,1.225906,0.108021,0.979130,-0.010364,-0.710001,-0.031363,-0.703426,0.480280,0.636343,-0.034467,0.000347,0.462213,0.634992,-0.052667,0.910299,0.504552,0.637632,-0.052317,0.950680,0.491372,0.636864,-0.003597,0.912307,0.462982,0.635884,-0.029288,0.936593,0.462315,0.635180,-0.052379,0.504495,0.637563,-0.052141,0.491321,0.636963,-0.003930,0.462988,0.635666,-0.029419,-0.192090,1.234450,-0.418577,-0.239396,1.234751,-0.445606,-0.234655,1.233806,-0.400260,-0.216551,1.234794,-0.437042,0.020075,1.229170,0.154151,-0.027592,1.225298,0.147614,0.007575,1.229663,0.116863,-0.027026,1.225906,0.108088
147,1.225000,-0.023391,0.000076,-0.040178,-0.998919,-0.220668,1.234451,-0.425377,0.000274,-0.191873,1.234569,-0.418559,0.938547,-0.239519,1.234907,-0.445720,0.943546,-0.234783,1.233773,-0.400122,0.950587,-0.216497,1.234554,-0.437108,0.936334,-0.033512,-0.603298,-0.008252,-0.796769,-0.006745,1.227507,0.131681,0.000244,0.020220,1.229174,0.154303,0.947188,-0.027734,1.225276,0.147694,0.959980,0.007613,1.229670,0.116703,0.958285,-0.027080,1.225907,0.108024,0.979130,-0.010031,-0.709905,-0.031482,-0.703522,0.480278,0.636345,-0.034474,0.000328,0.462218,0.634977,-0.052678,0.910299,0.504555,0.637644,-0.052316,0.950680,0.491361,0.636883,-0.003600,0.912307,0.462979,0.635877,-0.029300,0.936593,0.462305,0.635161,-0.052390,0.504516,0.637578,-0.052144,0.491319,0.636979,-0.003924,0.462973,0.635664,-0.029437,-0.192097,1.234447,-0.418580,-0.239384,1.234755,-0.445605,-0.234652,1.233803,-0.400268,-0.216540,1.234797,-0.437056,0.020071,1.229169,0.154149,-0.027585,1.225290,0.147614,0.007565,1.229656,0.116871,-0.027032,1.225913,0.108089
148,1.233333,-0.023289,-0.000008,-0.040254,-0.998918,-0.220671,1.234457,-0.425377,0.000268,-0.191875,1.234581,-0.418564,0.939067,-0.239525,1.234906,-0.445717,0.943320,-0.234782,1.233782,-0.400119,0.950127,-0.216501,1.234558,-0.437109,0.935642,-0.033500,-0.603312,-0.008327,-0.796758,-0.006741,1.227507,0.131676,0.000241,0.020225,1.229176,0.154298,0.947986,-0.027729,1.225272,0.147690,0.955918,0.007617,1.229673,0.116698,0.957801,-0.027076,1.225906,0.108020,0.980041,-0.010096,-0.709929,-0.031433,-0.703499,0.480277,0.636345,-0.034462,0.000348,0.462215,0.634980,-0.052665,0.910246,0.504553,0.637640,-0.052306,0.950012,0.491361,0.636880,-0.003589,0.911059,0.462978,0.635878,-0.029286,0.936702,0.462312,0.635167,-0.052374,0.504499,0.637571,-0.052126,0.491311,0.636977,-0.003928,0.462983,0.635662,-0.029419,-0.192084,1.234459,-0.418587,-0.239397,1.234753,-0.445608,-0.234655,1.233812,-0.400270,-0.216546,1.234803,-0.437043,0.020076,1.229168,0.154153,-0.027576,1.225289,0.147604,0.007572,1.229663,0.116861,-0.027035,1.225908,0.108089
149,1.241667,-0.023424,0.000013,-0.040196,-0.998917,-0.220671,1.234456,-0.425375,0.000280,-0.191876,1.234575,-0.418561,0.939067,-0.239525,1.234912,-0.445715,0.943320,-0.234783,1.233776,-0.400118,0.950127,-0.216502,1.234559,-0.437106,0.935642,-0.033470,-0.603336,-0.008071,-0.796743,-0.006746,1.227512,0.131677,0.000236,0.020222,1.229180,0.154296,0.947986,-0.027734,1.225291,0.147693,0.955918,0.007611,1.229668,0.116697,0.957801,-0.027084,1.225911,0.108022,0.980041,-0.009951,-0.709993,-0.031530,-0.703432,0.480272,0.636355,-0.034458,0.000338,0.462207,0.634983,-0.052658,0.910246,0.504544,0.637658,-0.052307,0.950012,0.491362,0.636896,-0.003588,0.911059,0.462974,0.635883,-0.029280,0.936702,0.462296,0.635167,-0.052372,0.504501,0.637591,-0.052130,0.491311,0.636992,-0.003923,0.462978,0.635670,-0.029408,-0.192095,1.234454,-0.418581,-0.239388,1.234762,-0.445603,-0.234648,1.233806,-0.400272,-0.216555,1.234800,-0.437044,0.020079,1.229174,0.154148,-0.027583,1.225305,0.147613,0.007564,1.229654,0.116867,-0.027044,1.225915,0.108080
150,1.250000,-0.023184,0.000185,-0.040095,-0.998927,-0.220678,1.234459,-0.425369,0.000263,-0.191885,1.234576,-0.418545,0.941968,-0.239524,1.234910,-0.445716,0.940846,-0.234799,1.233794,-0.400117,0.952297,-0.216504,1.234557,-0.437099,0.934447,-0.033421,-0.603310,-0.008110,-0.796765,-0.006744,1.227515,0.131684,0.000242,0.020222,1.229186,0.154304,0.945368,-0.027732,1.225291,0.147698,0.959799,0.007615,1.229672,0.116704,0.955531,-0.027079,1.225910,0.108028,0.980253,-0.010037,-0.709903,-0.031544,-0.703521,0.480280,0.636347,-0.034466,0.000335,0.462219,0.634980,-0.052671,0.910933,0.504557,0.637650,-0.052309,0.952431,0.491362,0.636883,-0.003593,0.912125,0.462980,0.635877,-0.029292,0.937792,0.462305,0.635160,-0.052376,0.504523,0.637585,-0.052133,0.491315,0.636977,-0.003928,0.462976,0.635668,-0.029428,-0.192078,1.234451,-0.418573,-0.239394,1.234754,-0.445596,-0.234689,1.233825,-0.400270,-0.216551,1.234807,-0.437038,0.020074,1.229181,0.154144,-0.027589,1.225305,0.147625,0.007570,1.229658,0.116876,-0.027029,1.225916,0.108089
151,1.258333,-0.023472,0.000023,-0.040237,-0.998914,-0.220670,1.234455,-0.425374,0.000272,-0.191874,1.234576,-0.418559,0.938993,-0.239523,1.234912,-0.445714,0.941344,-0.234782,1.233772,-0.400117,0.949793,-0.216500,1.234560,-0.437105,0.934543,-0.033337,-0.603329,-0.008142,-0.796754,-0.006742,1.227510,0.131686,0.000238,0.020225,1.229187,0.154306,0.945422,-0.027729,1.225285,0.147702,0.960481,0.007615,1.229667,0.116707,0.961434,-0.027078,1.225900,0.108032,0.977459,-0.010298,-0.709878,-0.031593,-0.703540,0.480278,0.636348,-0.034468,0.000351,0.462218,0.634994,-0.052675,0.908222,0.504556,0.637651,-0.052309,0.951627,0.491359,0.636866,-0.003594,0.908617,0.462978,0.635880,-0.029296,0.937205,0.462311,0.635178,-0.052371,0.504516,0.637584,-0.052132,0.491301,0.636962,-0.003942,0.462982,0.635666,-0.029428,-0.192083,1.234452,-0.418580,-0.239385,1.234758,-0.445604,-0.234653,1.233802,-0.400268,-0.216558,1.234808,-0.437044,0.020069,1.229177,0.154154,-0.027589,1.225301,0.147630,0.007580,1.229661,0.116856,-0.027027,1.225900,0.108106
152,1.266667,-0.023106,0.000159,-0.039974,-0.998934,-0.220676,1.234456,-0.425373,0.000273,-0.191882,1.234566,-0.418551,0.938993,-0.239523,1.234908,-0.445719,0.941344,-0.234796,1.233798,-0.400120,0.949793,-0.216502,1.234550,-0.437104,0.934543,-0.033530,-0.603377,-0.008350,-0.796707,-0.006740,1.227509,0.131682,0.000240,0.020229,1.229177,0.154299,0.945422,-0.027726,1.225273,0.147698,0.960481,0.007615,1.229677,0.116701,0.961434,-0.027079,1.225911,0.108028,0.977459,-0.010024,-0.710024,-0.031487,-0.703402,0.480276,0.636345,-0.034460,0.000333,0.462210,0.634976,-0.052658,0.908222,0.504547,0.637644,-0.052311,0.951627,0.491369,0.636883,-0.003591,0.908617,0.462979,0.635875,-0.029280,0.937205,0.462292,0.635155,-0.052371,0.504510,0.637579,-0.052132,0.491325,0.636977,-0.003922,0.462978,0.635667,-0.029416,-0.192080,1.234443,-0.418579,-0.239390,1.234754,-0.445597,-0.234680,1.233828,-0.400283,-0.216553,1.234797,-0.437034,0.020072,1.229168,0.154147,-0.027579,1.225289,0.147627,0.007575,1.229668,0.116855,-0.027029,1.225913,0.108097
153,1.275000,-0.023341,0.000093,-0.040252,-0.998917,-0.220671,1.234448,-0.425369,0.000282,-0.191877,1.234571,-0.418550,0.938235,-0.239522,1.234899,-0.445712,0.940091,-0.234787,1.233770,-0.400114,0.948487,-0.216499,1.234550,-0.437100,0.936179,-0.033403,-0.603378,-0.008243,-0.796713,-0.006746,1.227508,0.131679,0.000236,0.020223,1.229183,0.154296,0.946742,-0.027731,1.225278,0.147696,0.961331,0.007610,1.229670,0.116698,0.958186,-0.027085,1.225902,0.108026,0.979462,-0.010441,-0.709886,-0.031424,-0.703537,0.480283,0.636346,-0.034458,0.000334,0.462222,0.634999,-0.052663,0.913023,0.504561,0.637638,-0.052299,0.952760,0.491365,0.636861,-0.003584,0.915296,0.462983,0.635886,-0.029284,0.939151,0.462313,0.635175,-0.052377,0.504513,0.637574,-0.052128,0.491318,0.636953,-0.003907,0.462986,0.635683,-0.029419,-0.192091,1.234450,-0.418575,-0.239380,1.234748,-0.445592,-0.234660,1.233800,-0.400273,-0.216555,1.234791,-0.437037,0.020077,1.229179,0.154141,-0.027593,1.225290,0.147628,0.007565,1.229655,0.116858,-0.027032,1.225909,0.108088
154,1.283333,-0.023148,0.000206,-0.040076,-0.998929,-0.220679,1.234456,-0.425372,0.000280,-0.191886,1.234572,-0.418546,0.938235,-0.239524,1.234907,-0.445719,0.940091,-0.234801,1.233793,-0.400120,0.948487,-0.216504,1.234553,-0.437101,0.936179,-0.033490,-0.603337,-0.008347,-0.796740,-0.006745,1.227504,0.131681,0.000252,0.020222,1.229175,0.154301,0.946742,-0.027732,1.225268,0.147696,0.961331,0.007612,1.229671,0.116702,0.958186,-0.027081,1.225903,0.108026,0.979462,-0.010092,-0.709997,-0.031428,-0.703430,0.480274,0.636348,-0.034460,0.000337,0.462209,0.634983,-0.052659,0.913023,0.504547,0.637644,-0.052309,0.952760,0.491365,0.636884,-0.003589,0.915296,0.462976,0.635882,-0.029281,0.939151,0.462291,0.635163,-0.052369,0.504510,0.637578,-0.052131,0.491315,0.636978,-0.003924,0.462982,0.635674,-0.029414,-0.192085,1.234448,-0.418582,-0.239375,1.234751,-0.445588,-0.234692,1.233824,-0.400280,-0.216562,1.234801,-0.437037,0.020071,1.229166,0.154150,-0.027574,1.225286,0.147607,0.007560,1.229661,0.116872,-0.027035,1.225905,0.108097
155,1.291667,-0.023455,0.000060,-0.040214,-0.998916,-0.220672,1.234451,-0.425371,0.000278,-0.191877,1.234571,-0.418555,0.936782,-0.239523,1.234909,-0.445713,0.941706,-0.234786,1.233769,-0.400116,0.948619,-0.216501,1.234556,-0.437102,0.934420,-0.033526,-0.603335,-0.008158,-0.796741,-0.006744,1.227509,0.131680,0.000243,0.020224,1.229174,0.154300,0.947380,-0.027731,1.225283,0.147695,0.957395,0.007614,1.229668,0.116701,0.958360,-0.027081,1.225910,0.108025,0.978045,-0.010210,-0.709936,-0.031485,-0.703487,0.480287,0.636348,-0.034464,0.000335,0.462225,0.634990,-0.052667,0.910237,0.504563,0.637646,-0.052309,0.952831,0.491373,0.636875,-0.003592,0.912600,0.462989,0.635883,-0.029288,0.936719,0.462321,0.635177,-0.052376,0.504522,0.637578,-0.052138,0.491325,0.636974,-0.003924,0.462981,0.635665,-0.029417,-0.192096,1.234447,-0.418577,-0.239386,1.234754,-0.445605,-0.234651,1.233800,-0.400267,-0.216554,1.234804,-0.437037,0.020076,1.229166,0.154151,-0.027585,1.225298,0.147610,0.007570,1.229657,0.116861,-0.027035,1.225914,0.108100
156,1.300000,-0.023382,0.000015,-0.040299,-0.998914,-0.220672,1.234450,-0.425373,0.000280,-0.191876,1.234576,-0.418559,0.936782,-0.239525,1.234901,-0.445713,0.941706,-0.234784,1.233769,-0.400116,0.948619,-0.216502,1.234554,-0.437104,0.934420,-0.033498,-0.603293,-0.008375,-0.796772,-0.006745,1.227504,0.131677,0.000247,0.020219,1.229174,0.154300,0.947380,-0.027734,1.225266,0.147690,0.957395,0.007613,1.229672,0.116700,0.958360,-0.027079,1.225903,0.108020,0.978045,-0.010160,-0.709968,-0.031552,-0.703453,0.480279,0.636351,-0.034465,0.000329,0.462215,0.634990,-0.052667,0.910237,0.504552,0.637653,-0.052312,0.952831,0.491367,0.636879,-0.003594,0.912600,0.462980,0.635882,-0.029288,0.936719,0.462306,0.635169,-0.052388,0.504507,0.637587,-0.052144,0.491318,0.636973,-0.003915,0.462984,0.635675,-0.029414,-0.192098,1.234452,-0.418580,-0.239389,1.234747,-0.445601,-0.234649,1.233800,-0.400269,-0.216550,1.234801,-0.437042,0.020062,1.229167,0.154145,-0.027583,1.225281,0.147606,0.007576,1.229660,0.116864,-0.027036,1.225907,0.108094
157,1.308333,-0.023509,-0.000032,-0.040167,-0.998916,-0.220674,1.234455,-0.425369,0.000280,-0.191878,1.234571,-0.418557,0.938284,-0.239530,1.234916,-0.445707,0.940837,-0.234784,1.233771,-0.400110,0.949384,-0.216506,1.234560,-0.437100,0.936248,-0.033387,-0.603362,-0.008467,-0.796723,-0.006746,1.227507,0.131680,0.000236,0.020221,1.229187,0.154299,0.947523,-0.027732,1.225265,0.147696,0.958105,0.007609,1.229679,0.116700,0.959393,-0.027083,1.225899,0.108026,0.979857,-0.010123,-0.709934,-0.031539,-0.703489,0.480267,0.636339,-0.034471,0.000343,0.462205,0.634976,-0.052674,0.912984,0.504543,0.637640,-0.052316,0.950895,0.491353,0.636869,-0.003599,0.911292,0.462969,0.635870,-0.029295,0.940184,0.462284,0.635145,-0.052380,0.504504,0.637579,-0.052133,0.491301,0.636958,-0.003938,0.462981,0.635674,-0.029432,-0.192092,1.234451,-0.418585,-0.239388,1.234766,-0.445590,-0.234657,1.233801,-0.400266,-0.216560,1.234800,-0.437033,0.020072,1.229179,0.154152,-0.027585,1.225280,0.147616,0.007572,1.229668,0.116858,-0.027043,1.225902,0.108096
158,1.316667,-0.023322,-0.000028,-0.040196,-0.998920,-0.220675,1.234447,-0.425371,0.000277,-0.191878,1.234567,-0.418559,0.938284,-0.239530,1.234899,-0.445709,0.940837,-0.234785,1.233772,-0.400112,0.949384,-0.216506,1.234548,-0.437102,0.936248,-0.033532,-0.603362,-0.008213,-0.796720,-0.006753,1.227508,0.131684,0.000235,0.020216,1.229174,0.154302,0.947523,-0.027739,1.225279,0.147701,0.958105,0.007603,1.229670,0.116704,0.959393,-0.027091,1.225910,0.108031,0.979857,-0.010217,-0.709985,-0.031458,-0.703440,0.480277,0.636343,-0.034461,0.000333,0.462211,0.634984,-0.052662,0.912984,0.504550,0.637639,-0.052310,0.950895,0.491367,0.636870,-0.003591,0.911292,0.462978,0.635878,-0.029283,0.940184,0.462299,0.635175,-0.052378,0.504509,0.637569,-0.052137,0.491315,0.636970,-0.003921,0.462983,0.635657,-0.029409,-0.192094,1.234442,-0.418585,-0.239382,1.234743,-0.445592,-0.234660,1.233802,-0.400258,-0.216562,1.234799,-0.437047,0.020066,1.229164,0.154151,-0.027599,1.225296,0.147629,0.007565,1.229663,0.116859,-0.027043,1.225910,0.108098
159,1.325000,-0.023390,-0.000008,-0.040234,-0.998916,-0.220678,1.234445,-0.425377,0.000273,-0.191882,1.234567,-0.418564,0.939318,-0.239533,1.234899,-0.445716,0.942408,-0.234789,1.233766,-0.400119,0.948980,-0.216509,1.234549,-0.437108,0.935820,-0.033583,-0.603354,-0.008172,-0.796725,-0.006750,1.227501,0.131680,0.000244,0.020218,1.229162,0.154299,0.945519,-0.027737,1.225274,0.147696,0.955046,0.007607,1.229661,0.116700,0.960007,-0.027089,1.225906,0.108026,0.980067,-0.010231,-0.709872,-0.031489,-0.703553,0.480278,0.636340,-0.034465,0.000345,0.462219,0.634982,-0.052671,0.910083,0.504557,0.637638,-0.052305,0.951301,0.491359,0.636865,-0.003591,0.910538,0.462979,0.635875,-0.029293,0.937892,0.462320,0.635167,-0.052380,0.504509,0.637570,-0.052129,0.491308,0.636962,-0.003932,0.462977,0.635661,-0.029419,-0.192092,1.234446,-0.418583,-0.239398,1.234748,-0.445606,-0.234658,1.233796,-0.400273,-0.216565,1.234791,-0.437044,0.020056,1.229149,0.154154,-0.027576,1.225294,0.147620,0.007564,1.229657,0.116855,-0.027046,1.225903,0.108094
160,1.333333,-0.023209,0.000179,-0.040105,-0.998926,-0.220690,1.234447,-0.425376,0.000271,-0.191896,1.234564,-0.418552,0.939318,-0.239536,1.234899,-0.445722,0.942408,-0.234810,1.233781,-0.400123,0.948980,-0.216516,1.234545,-0.437105,0.935820,-0.033534,-0.603321,-0.008366,-0.796749,-0.006747,1.227498,0.131679,0.000235,0.020219,1.229166,0.154300,0.945519,-0.027734,1.225261,0.147692,0.955046,0.007611,1.229666,0.116700,0.960007,-0.027082,1.225899,0.108023,0.980067,-0.010020,-0.709958,-0.031525,-0.703467,0.480277,0.636344,-0.034463,0.000336,0.462214,0.634976,-0.052665,0.910083,0.504551,0.637646,-0.052310,0.951301,0.491364,0.636882,-0.003592,0.910538,0.462978,0.635874,-0.029287,0.937892,0.462307,0.635157,-0.052370,0.504513,0.637580,-0.052134,0.491320,0.636976,-0.003927,0.462968,0.635664,-0.029423,-0.192091,1.234442,-0.418583,-0.239400,1.234746,-0.445599,-0.234700,1.233811,-0.400282,-0.216568,1.234790,-0.437039,0.020073,1.229153,0.154152,-0.027592,1.225281,0.147611,0.007574,1.229663,0.116859,-0.027041,1.225895,0.108093
161,1.341667,-0.023334,-0.000099,-0.040028,-0.998926,-0.220669,1.234440,-0.425370,0.000291,-0.191871,1.234551,-0.418563,0.935664,-0.239527,1.234899,-0.445706,0.938694,-0.234775,1.233769,-0.400110,0.948054,-0.216501,1.234540,-0.437102,0.935742,-0.033518,-0.603346,-0.008405,-0.796731,-0.006750,1.227500,0.131683,0.000236,0.020217,1.229169,0.154302,0.944689,-0.027736,1.225261,0.147698,0.959542,0.007606,1.229669,0.116704,0.959528,-0.027087,1.225900,0.108028,0.980394,-0.010280,-0.709971,-0.031509,-0.703450,0.480277,0.636338,-0.034466,0.000341,0.462213,0.634982,-0.052667,0.912352,0.504551,0.637636,-0.052313,0.950957,0.491366,0.636860,-0.003595,0.911793,0.462979,0.635872,-0.029289,0.939245,0.462297,0.635156,-0.052375,0.504510,0.637573,-0.052132,0.491318,0.636951,-0.003932,0.462985,0.635671,-0.029425,-0.192097,1.234430,-0.418587,-0.239373,1.234748,-0.445588,-0.234639,1.233799,-0.400264,-0.216564,1.234782,-0.437041,0.020060,1.229155,0.154147,-0.027591,1.225281,0.147629,0.007574,1.229668,0.116862,-0.027043,1.225895,0.108092
162,1.350000,-0.023037,0.000187,-0.040131,-0.998929,-0.220680,1.234445,-0.425377,0.000286,-0.191887,1.234566,-0.418552,0.935664,-0.239526,1.234889,-0.445724,0.938694,-0.234801,1.233787,-0.400124,0.948054,-0.216506,1.234540,-0.437107,0.935742,-0.033497,-0.603222,-0.008257,-0.796827,-0.006752,1.227505,0.131683,0.000249,0.020209,1.229174,0.154310,0.944689,-0.027744,1.225274,0.147692,0.959542,0.007610,1.229668,0.116708,0.959528,-0.027082,1.225905,0.108022,0.980394,-0.010425,-0.709918,-0.031425,-0.703506,0.480267,0.636339,-0.034468,0.000343,0.462204,0.634992,-0.052672,0.912352,0.504543,0.637631,-0.052311,0.950957,0.491352,0.636855,-0.003595,0.911793,0.462967,0.635879,-0.029293,0.939245,0.462295,0.635169,-0.052383,0.504500,0.637567,-0.052138,0.491293,0.636948,-0.003935,0.462977,0.635674,-0.029415,-0.192095,1.234445,-0.418585,-0.239376,1.234738,-0.445593,-0.234685,1.233816,-0.400286,-0.216564,1.234781,-0.437042,0.020055,1.229153,0.154151,-0.027596,1.225301,0.147612,0.007564,1.229675,0.116876,-0.027031,1.225893,0.108093
163,1.358333,-0.023369,0.000007,-0.040317,-0.998914,-0.220682,1.234434,-0.425379,0.000274,-0.191887,1.234560,-0.418565,0.939620,-0.239536,1.234883,-0.445719,0.942313,-0.234794,1.233753,-0.400121,0.947965,-0.216512,1.234537,-0.437110,0.934677,-0.033500,-0.603329,-0.008128,-0.796747,-0.006751,1.227496,0.131679,0.000245,0.020217,1.229162,0.154299,0.943969,-0.027738,1.225271,0.147694,0.955201,0.007607,1.229654,0.116700,0.959894,-0.027087,1.225896,0.108024,0.979162,-0.010402,-0.709944,-0.031381,-0.703481,0.480273,0.636348,-0.034468,0.000335,0.462209,0.634999,-0.052670,0.913767,0.504548,0.637638,-0.052313,0.954431,0.491360,0.636867,-0.003596,0.915677,0.462974,0.635889,-0.029291,0.941260,0.462307,0.635172,-0.052388,0.504497,0.637574,-0.052150,0.491304,0.636956,-0.003916,0.462984,0.635690,-0.029416,-0.192093,1.234437,-0.418585,-0.239407,1.234729,-0.445606,-0.234665,1.233783,-0.400282,-0.216565,1.234784,-0.437043,0.020052,1.229143,0.154148,-0.027580,1.225296,0.147614,0.007576,1.229658,0.116857,-0.027050,1.225886,0.108098
164,1.366667,-0.023024,0.000236,-0.040014,-0.998934,-0.220686,1.234439,-0.425387,0.000276,-0.191894,1.234553,-0.418560,0.939620,-0.239530,1.234887,-0.445736,0.942313,-0.234810,1.233784,-0.400136,0.947965,-0.216511,1.234532,-0.437117,0.934677,-0.033535,-0.603317,-0.008250,-0.796753,-0.006750,1.227494,0.131673,0.000238,0.020216,1.229160,0.154294,0.943969,-0.027738,1.225263,0.147687,0.955201,0.007608,1.229658,0.116694,0.959894,-0.027086,1.225896,0.108017,0.979162,-0.010319,-0.709961,-0.031269,-0.703471,0.480279,0.636343,-0.034470,0.000338,0.462214,0.634990,-0.052671,0.913767,0.504554,0.637627,-0.052316,0.954431,0.491367,0.636869,-0.003598,0.915677,0.462980,0.635886,-0.029293,0.941260,0.462309,0.635171,-0.052376,0.504514,0.637561,-0.052143,0.491319,0.636964,-0.003933,0.462973,0.635676,-0.029426,-0.192100,1.234428,-0.418587,-0.239398,1.234731,-0.445617,-0.234689,1.233815,-0.400297,-0.216559,1.234782,-0.437047,0.020064,1.229141,0.154141,-0.027586,1.225289,0.147616,0.007565,1.229663,0.116862,-0.027042,1.225885,0.108073
165,1.375000,-0.023399,-0.000098,-0.040214,-0.998917,-0.220689,1.234435,-0.425380,0.000268,-0.191892,1.234556,-0.418572,0.939260,-0.239548,1.234890,-0.445716,0.944562,-0.234796,1.233756,-0.400120,0.948933,-0.216522,1.234538,-0.437112,0.937102,-0.033471,-0.603328,-0.008311,-0.796747,-0.006753,1.227499,0.131678,0.000234,0.020213,1.229170,0.154299,0.947478,-0.027741,1.225264,0.147692,0.959323,0.007604,1.229664,0.116699,0.958827,-0.027089,1.225896,0.108023,0.980423,-0.010428,-0.709923,-0.031408,-0.703502,0.480280,0.636346,-0.034466,0.000343,0.462217,0.634998,-0.052669,0.911039,0.504556,0.637637,-0.052310,0.951399,0.491365,0.636862,-0.003593,0.914335,0.462980,0.635886,-0.029291,0.936686,0.462318,0.635185,-0.052384,0.504497,0.637568,-0.052138,0.491315,0.636960,-0.003918,0.462989,0.635671,-0.029423,-0.192103,1.234436,-0.418588,-0.239421,1.234741,-0.445610,-0.234662,1.233785,-0.400271,-0.216571,1.234777,-0.437050,0.020066,1.229152,0.154149,-0.027598,1.225288,0.147618,0.007564,1.229667,0.116859,-0.027045,1.225887,0.108087
166,1.383333,-0.023261,-0.000131,-0.040341,-0.998915,-0.220672,1.234431,-0.425382,0.000267,-0.191874,1.234561,-0.418576,0.938764,-0.239531,1.234875,-0.445717,0.944222,-0.234777,1.233755,-0.400121,0.949498,-0.216505,1.234532,-0.437114,0.936381,-0.033562,-0.603386,-0.008116,-0.796701,-0.006752,1.227505,0.131676,0.000239,0.020218,1.229167,0.154292,0.945910,-0.027738,1.225281,0.147694,0.957213,0.007603,1.229663,0.116694,0.958214,-0.027093,1.225909,0.108024,0.980280,-0.010283,-0.709933,-0.031316,-0.703498,0.480280,0.636342,-0.034472,0.000328,0.462217,0.634987,-0.052675,0.912462,0.504556,0.637629,-0.052317,0.954172,0.491366,0.636870,-0.003600,0.914752,0.462981,0.635883,-0.029296,0.938976,0.462306,0.635165,-0.052387,0.504519,0.637565,-0.052149,0.491318,0.636962,-0.003924,0.462977,0.635677,-0.029427,-0.192086,1.234439,-0.418592,-0.239405,1.234724,-0.445612,-0.234643,1.233785,-0.400270,-0.216552,1.234774,-0.437054,0.020065,1.229143,0.154141,-0.027587,1.225311,0.147618,0.007563,1.229675,0.116856,-0.027051,1.225892,0.108088
167,1.391667,-0.022936,0.000047,-0.040077,-0.998933,-0.220690,1.234436,-0.425385,0.000276,-0.191895,1.234555,-0.418568,0.938764,-0.239542,1.234877,-0.445727,0.944222,-0.234805,1.233784,-0.400128,0.949498,-0.216519,1.234527,-0.437116,0.936381,-0.033598,-0.603299,-0.008233,-0.796764,-0.006754,1.227501,0.131677,0.000242,0.020211,1.229163,0.154299,0.945910,-0.027743,1.225271,0.147690,0.957213,0.007605,1.229664,0.116699,0.958214,-0.027089,1.225907,0.108020,0.980280,-0.010704,-0.709848,-0.031332,-0.703577,0.480280,0.636337,-0.034467,0.000336,0.462220,0.635004,-0.052675,0.912462,0.504560,0.637621,-0.052306,0.954172,0.491359,0.636839,-0.003593,0.914752,0.462979,0.635885,-0.029296,0.938976,0.462319,0.635180,-0.052385,0.504516,0.637557,-0.052143,0.491303,0.636930,-0.003921,0.462979,0.635683,-0.029420,-0.192097,1.234432,-0.418589,-0.239410,1.234724,-0.445605,-0.234681,1.233814,-0.400295,-0.216574,1.234774,-0.437049,0.020054,1.229142,0.154143,-0.027595,1.225297,0.147615,0.007569,1.229671,0.116860,-0.027043,1.225895,0.108089
168,1.400000,-0.022959,0.000127,-0.040082,-0.998933,-0.220685,1.234430,-0.425384,0.000281,-0.191891,1.234549,-0.418562,0.941714,-0.239534,1.234873,-0.445729,0.937903,-0.234804,1.233777,-0.400130,0.948759,-0.216512,1.234522,-0.437114,0.935149,-0.033467,-0.603245,-0.008208,-0.796811,-0.006754,1.227496,0.131684,0.000242,0.020208,1.229165,0.154309,0.943055,-0.027745,1.225267,0.147694,0.958262,0.007607,1.229657,0.116707,0.957933,-0.027086,1.225894,0.108024,0.979672,-0.010447,-0.709996,-0.031435,-0.703427,0.480279,0.636343,-0.034467,0.000338,0.462212,0.634996,-0.052667,0.911835,0.504552,0.637635,-0.052316,0.952090,0.491371,0.636857,-0.003597,0.910950,0.462981,0.635882,-0.029289,0.939817,0.462308,0.635174,-0.052378,0.504512,0.637570,-0.052141,0.491322,0.636950,-0.003938,0.462973,0.635677,-0.029413,-0.192088,1.234427,-0.418592,-0.239390,1.234720,-0.445595,-0.234691,1.233807,-0.400298,-0.216572,1.234766,-0.437049,0.020047,1.229140,0.154150,-0.027595,1.225298,0.147628,0.007569,1.229670,0.116871,-0.027037,1.225875,0.108087
169,1.408333,-0.023384,-0.000040,-0.040172,-0.998919,-0.220674,1.234432,-0.425378,0.000288,-0.191877,1.234551,-0.418567,0.941714,-0.239530,1.234888,-0.445716,0.937903,-0.234783,1.233755,-0.400120,0.948759,-0.216505,1.234535,-0.437110,0.935149,-0.033501,-0.603334,-0.008091,-0.796744,-0.006754,1.227503,0.131680,0.000236,0.020214,1.229168,0.154300,0.943055,-0.027741,1.225280,0.147696,0.958262,0.007604,1.229659,0.116701,0.957933,-0.027091,1.225903,0.108026,0.979672,-0.010495,-0.709987,-0.031443,-0.703435,0.480277,0.636344,-0.034470,0.000343,0.462210,0.634999,-0.052671,0.911835,0.504550,0.637636,-0.052319,0.952090,0.491368,0.636855,-0.003600,0.910950,0.462979,0.635884,-0.029292,0.939817,0.462308,0.635181,-0.052386,0.504499,0.637570,-0.052147,0.491312,0.636950,-0.003933,0.462989,0.635675,-0.029415,-0.192099,1.234424,-0.418591,-0.239380,1.234730,-0.445588,-0.234654,1.233786,-0.400278,-0.216562,1.234788,-0.437057,0.020053,1.229149,0.154145,-0.027591,1.225304,0.147633,0.007570,1.229664,0.116859,-0.027047,1.225893,0.108084
170,1.416667,-0.022885,-0.000002,-0.040002,-0.998938,-0.220683,1.234427,-0.425385,0.000280,-0.191887,1.234542,-0.418571,0.939975,-0.239537,1.234869,-0.445726,0.939947,-0.234795,1.233779,-0.400127,0.949324,-0.216513,1.234516,-0.437116,0.939094,-0.033433,-0.603279,-0.008118,-0.796788,-0.006755,1.227493,0.131679,0.000251,0.020209,1.229164,0.154302,0.942766,-0.027745,1.225269,0.147692,0.954784,0.007604,1.229650,0.116701,0.957452,-0.027089,1.225889,0.108022,0.978915,-0.010666,-0.709896,-0.031400,-0.703526,0.480273,0.636342,-0.034473,0.000340,0.462210,0.635007,-0.052678,0.910063,0.504551,0.637630,-0.052315,0.954377,0.491356,0.636844,-0.003599,0.912258,0.462973,0.635887,-0.029299,0.938329,0.462309,0.635191,-0.052385,0.504507,0.637563,-0.052151,0.491297,0.636940,-0.003932,0.462977,0.635674,-0.029423,-0.192096,1.234426,-0.418597,-0.239399,1.234723,-0.445592,-0.234679,1.233808,-0.400290,-0.216559,1.234748,-0.437060,0.020043,1.229139,0.154146,-0.027584,1.225299,0.147614,0.007563,1.229661,0.116866,-0.027043,1.225873,0.108090
171,1.425000,-0.022956,0.000031,-0.040142,-0.998930,-0.220685,1.234427,-0.425384,0.000268,-0.191890,1.234550,-0.418568,0.939975,-0.239537,1.234867,-0.445726,0.939947,-0.234798,1.233773,-0.400128,0.949324,-0.216514,1.234520,-0.437116,0.939094,-0.033527,-0.603322,-0.007978,-0.796753,-0.006746,1.227501,0.131672,0.000236,0.020222,1.229163,0.154291,0.942766,-0.027734,1.225285,0.147687,0.954784,0.007613,1.229653,0.116692,0.957452,-0.027083,1.225904,0.108017,0.978915,-0.010487,-0.709951,-0.031285,-0.703478,0.480277,0.636345,-0.034470,0.000340,0.462213,0.635000,-0.052672,0.910063,0.504553,0.637628,-0.052316,0.954377,0.491365,0.636861,-0.003598,0.912258,0.462978,0.635890,-0.029293,0.938329,0.462301,0.635173,-0.052373,0.504508,0.637565,-0.052149,0.491310,0.636950,-0.003921,0.462990,0.635691,-0.029436,-0.192091,1.234429,-0.418595,-0.239410,1.234716,-0.445609,-0.234681,1.233802,-0.400284,-0.216557,1.234761,-0.437050,0.020066,1.229141,0.154135,-0.027582,1.225313,0.147618,0.007578,1.229664,0.116862,-0.027045,1.225888,0.108072
172,1.433333,-0.023006,0.000068,-0.039989,-0.998935,-0.220678,1.234428,-0.425389,0.000283,-0.191884,1.234541,-0.418571,0.938710,-0.239529,1.234876,-0.445732,0.937899,-0.234794,1.233775,-0.400133,0.949837,-0.216507,1.234520,-0.437120,0.936934,-0.033571,-0.603325,-0.008203,-0.796746,-0.006755,1.227495,0.131680,0.000250,0.020212,1.229157,0.154300,0.940957,-0.027743,1.225266,0.147694,0.955657,0.007603,1.229656,0.116701,0.959179,-0.027092,1.225899,0.108024,0.978895,-0.010522,-0.709944,-0.031261,-0.703486,0.480271,0.636341,-0.034474,0.000345,0.462206,0.634998,-0.052676,0.911774,0.504547,0.637622,-0.052319,0.952965,0.491358,0.636855,-0.003602,0.911936,0.462972,0.635887,-0.029297,0.940361,0.462299,0.635172,-0.052383,0.504500,0.637558,-0.052148,0.491298,0.636945,-0.003937,0.462985,0.635687,-0.029426,-0.192096,1.234421,-0.418598,-0.239381,1.234725,-0.445600,-0.234674,1.233804,-0.400292,-0.216562,1.234760,-0.437066,0.020039,1.229133,0.154142,-0.027582,1.225296,0.147625,0.007569,1.229668,0.116860,-0.027045,1.225883,0.108093
173,1.441667,-0.022896,0.000088,-0.040086,-0.998934,-0.220695,1.234420,-0.425387,0.000269,-0.191900,1.234540,-0.418567,0.938710,-0.239545,1.234860,-0.445731,0.937899,-0.234811,1.233770,-0.400131,0.949837,-0.216523,1.234511,-0.437117,0.936934,-0.033499,-0.603339,-0.008169,-0.796739,-0.006755,1.227494,0.131682,0.000241,0.020213,1.229161,0.154301,0.940957,-0.027742,1.225267,0.147697,0.955657,0.007603,1.229653,0.116702,0.959179,-0.027092,1.225894,0.108027,0.978895,-0.010522,-0.709938,-0.031470,-0.703482,0.480274,0.636332,-0.034471,0.000354,0.462210,0.634989,-0.052674,0.911774,0.504550,0.637626,-0.052316,0.952965,0.491361,0.636841,-0.003599,0.911936,0.462975,0.635872,-0.029295,0.940361,0.462315,0.635168,-0.052370,0.504499,0.637560,-0.052143,0.491303,0.636934,-0.003941,0.462978,0.635666,-0.029428,-0.192097,1.234417,-0.418586,-0.239415,1.234706,-0.445609,-0.234691,1.233801,-0.400293,-0.216576,1.234758,-0.437059,0.020051,1.229137,0.154144,-0.027592,1.225295,0.147629,0.007569,1.229664,0.116863,-0.027047,1.225878,0.108092
174,1.450000,-0.023153,-0.000055,-0.040181,-0.998924,-0.220670,1.234426,-0.425387,0.000263,-0.191874,1.234548,-0.418576,0.937170,-0.239526,1.234872,-0.445725,0.945449,-0.234779,1.233760,-0.400128,0.950984,-0.216501,1.234523,-0.437119,0.938218,-0.033493,-0.603313,-0.008103,-0.796759,-0.006754,1.227503,0.131682,0.000241,0.020212,1.229169,0.154303,0.943236,-0.027742,1.225280,0.147697,0.958130,0.007604,1.229660,0.116703,0.956824,-0.027090,1.225903,0.108027,0.981076,-0.010563,-0.709909,-0.031187,-0.703523,0.480275,0.636337,-0.034470,0.000349,0.462212,0.634997,-0.052674,0.909156,0.504553,0.637614,-0.052313,0.953553,0.491360,0.636852,-0.003597,0.911334,0.462976,0.635887,-0.029296,0.939408,0.462321,0.635177,-0.052378,0.504501,0.637548,-0.052148,0.491299,0.636945,-0.003934,0.462980,0.635680,-0.029421,-0.192094,1.234429,-0.418593,-0.239402,1.234724,-0.445623,-0.234645,1.233789,-0.400268,-0.216539,1.234761,-0.437065,0.020053,1.229144,0.154143,-0.027591,1.225310,0.147633,0.007564,1.229673,0.116871,-0.027043,1.225885,0.108083
175,1.458333,-0.023260,-0.000169,-0.040304,-0.998917,-0.220684,1.234423,-0.425391,0.000272,-0.191886,1.234551,-0.418587,0.937170,-0.239545,1.234868,-0.445725,0.945449,-0.234787,1.233748,-0.400129,0.950984,-0.216518,1.234524,-0.437124,0.938218,-0.033564,-0.603342,-0.008140,-0.796734,-0.006758,1.227496,0.131675,0.000239,0.020210,1.229158,0.154294,0.943236,-0.027746,1.225271,0.147690,0.958130,0.007599,1.229655,0.116695,0.956824,-0.027096,1.225901,0.108020,0.981076,-0.010499,-0.709901,-0.031324,-0.703526,0.480272,0.636332,-0.034471,0.000344,0.462210,0.634988,-0.052675,0.909156,0.504550,0.637618,-0.052313,0.953553,0.491355,0.636847,-0.003597,0.911334,0.462972,0.635877,-0.029296,0.939408,0.462310,0.635168,-0.052382,0.504498,0.637552,-0.052144,0.491301,0.636940,-0.003928,0.462977,0.635670,-0.029428,-0.192104,1.234425,-0.418597,-0.239421,1.234712,-0.445613,-0.234648,1.233780,-0.400284,-0.216562,1.234775,-0.437070,0.020056,1.229134,0.154137,-0.027591,1.225302,0.147614,0.007564,1.229668,0.116870,-0.027062,1.225882,0.108078
176,1.466667,-0.022922,0.000204,-0.040136,-0.998931,-0.220687,1.234428,-0.425387,0.000271,-0.191894,1.234550,-0.418561,0.940280,-0.239533,1.234866,-0.445735,0.942785,-0.234810,1.233774,-0.400135,0.950444,-0.216513,1.234519,-0.437117,0.935531,-0.033487,-0.603305,-0.008072,-0.796766,-0.006753,1.227502,0.131676,0.000249,0.020213,1.229169,0.154298,0.942341,-0.027742,1.225281,0.147690,0.955956,0.007606,1.229658,0.116698,0.956811,-0.027088,1.225902,0.108020,0.979545,-0.010456,-0.709923,-0.031294,-0.703506,0.480274,0.636350,-0.034468,0.000352,0.462211,0.635004,-0.052672,0.909830,0.504551,0.637634,-0.052312,0.952865,0.491359,0.636868,-0.003596,0.910553,0.462975,0.635895,-0.029293,0.939402,0.462305,0.635181,-0.052372,0.504504,0.637570,-0.052141,0.491295,0.636959,-0.003936,0.462992,0.635692,-0.029424,-0.192098,1.234429,-0.418591,-0.239400,1.234716,-0.445625,-0.234689,1.233804,-0.400289,-0.216562,1.234761,-0.437042,0.020049,1.229146,0.154137,-0.027586,1.225309,0.147614,0.007572,1.229667,0.116867,-0.027046,1.225888,0.108089
177,1.475000,-0.022936,0.000244,-0.040115,-0.998932,-0.220685,1.234427,-0.425388,0.000273,-0.191892,1.234548,-0.418560,0.940280,-0.239528,1.234867,-0.445738,0.942785,-0.234809,1.233774,-0.400138,0.950444,-0.216509,1.234519,-0.437118,0.935531,-0.033474,-0.603276,-0.008053,-0.796789,-0.006749,1.227499,0.131676,0.000242,0.020216,1.229166,0.154300,0.942341,-0.027739,1.225279,0.147689,0.955956,0.007611,1.229654,0.116699,0.956811,-0.027083,1.225899,0.108019,0.979545,-0.010609,-0.709973,-0.031311,-0.703453,0.480277,0.636340,-0.034473,0.000350,0.462211,0.635001,-0.052674,0.909830,0.504551,0.637623,-0.052320,0.952865,0.491367,0.636848,-0.003602,0.910553,0.462978,0.635886,-0.029295,0.939402,0.462314,0.635177,-0.052377,0.504506,0.637559,-0.052156,0.491298,0.636939,-0.003946,0.462989,0.635684,-0.029412,-0.192102,1.234433,-0.418585,-0.239399,1.234724,-0.445612,-0.234691,1.233802,-0.400296,-0.216546,1.234748,-0.437061,0.020057,1.229144,0.154145,-0.027584,1.225307,0.147619,0.007569,1.229663,0.116863,-0.027037,1.225884,0.108079
178,1.483333,-0.023012,0.000065,-0.040028,-0.998934,-0.220684,1.234436,-0.425386,0.000264,-0.191889,1.234552,-0.418568,0.941399,-0.239535,1.234883,-0.445729,0.942816,-0.234799,1.233782,-0.400130,0.952652,-0.216513,1.234529,-0.437117,0.936235,-0.033492,-0.603344,-0.008118,-0.796736,-0.006760,1.227495,0.131679,0.000228,0.020208,1.229162,0.154297,0.944557,-0.027748,1.225271,0.147695,0.960629,0.007597,1.229653,0.116699,0.959103,-0.027098,1.225895,0.108024,0.982789,-0.010514,-0.709975,-0.031382,-0.703449,0.480277,0.636350,-0.034462,0.000345,0.462211,0.635007,-0.052663,0.911624,0.504551,0.637639,-0.052310,0.952627,0.491367,0.636862,-0.003591,0.911150,0.462979,0.635893,-0.029284,0.939497,0.462308,0.635188,-0.052376,0.504503,0.637572,-0.052139,0.491307,0.636956,-0.003929,0.462990,0.635683,-0.029405,-0.192087,1.234431,-0.418603,-0.239406,1.234732,-0.445615,-0.234689,1.233811,-0.400281,-0.216554,1.234770,-0.437044,0.020051,1.229138,0.154142,-0.027603,1.225300,0.147640,0.007564,1.229665,0.116858,-0.027054,1.225878,0.108074
179,1.491667,-0.023125,0.000220,-0.040155,-0.998926,-0.220686,1.234434,-0.425382,0.000275,-0.191894,1.234554,-0.418555,0.941399,-0.239531,1.234880,-0.445730,0.942816,-0.234809,1.233770,-0.400130,0.952652,-0.216511,1.234530,-0.437111,0.936235,-0.033519,-0.603368,-0.008179,-0.796717,-0.006747,1.227502,0.131676,0.000241,0.020222,1.229167,0.154293,0.944557,-0.027733,1.225274,0.147693,0.960629,0.007609,1.229662,0.116695,0.959103,-0.027086,1.225903,0.108023,0.982789,-0.010494,-0.709839,-0.031556,-0.703579,0.480276,0.636343,-0.034465,0.000345,0.462217,0.635000,-0.052673,0.911624,0.504556,0.637643,-0.052303,0.952627,0.491354,0.636851,-0.003590,0.911150,0.462975,0.635880,-0.029294,0.939497,0.462309,0.635175,-0.052378,0.504512,0.637578,-0.052134,0.491293,0.636943,-0.003925,0.462989,0.635678,-0.029424,-0.192098,1.234428,-0.418581,-0.239394,1.234723,-0.445615,-0.234686,1.233800,-0.400288,-0.216568,1.234782,-0.437044,0.020064,1.229150,0.154140,-0.027579,1.225298,0.147619,0.007571,1.229664,0.116860,-0.027045,1.225894,0.108085
180,1.500000,-0.023383,0.000074,-0.040201,-0.998918,-0.220670,1.234438,-0.425388,0.000271,-0.191875,1.234558,-0.418571,0.937237,-0.239521,1.234893,-0.445731,0.941422,-0.234785,1.233760,-0.400133,0.951431,-0.216498,1.234541,-0.437119,0.935326,-0.033626,-0.603314,-0.008232,-0.796752,-0.006750,1.227500,0.131679,0.000250,0.020216,1.229160,0.154300,0.941629,-0.027738,1.225271,0.147692,0.956173,0.007608,1.229663,0.116701,0.958349,-0.027086,1.225908,0.108023,0.978985,-0.010249,-0.709966,-0.031375,-0.703462,0.480281,0.636348,-0.034469,0.000345,0.462217,0.634991,-0.052670,0.913264,0.504556,0.637639,-0.052316,0.951058,0.491370,0.636876,-0.003598,0.912496,0.462983,0.635887,-0.029292,0.939523,0.462306,0.635168,-0.052386,0.504504,0.637574,-0.052139,0.491315,0.636968,-0.003931,0.463000,0.635683,-0.029421,-0.192091,1.234434,-0.418597,-0.239389,1.234738,-0.445614,-0.234662,1.233791,-0.400280,-0.216536,1.234791,-0.437062,0.020047,1.229140,0.154141,-0.027580,1.225296,0.147622,0.007571,1.229667,0.116863,-0.027037,1.225898,0.108091
181,1.508333,-0.023174,-0.000010,-0.040328,-0.998918,-0.220680,1.234436,-0.425378,0.000278,-0.191884,1.234566,-0.418564,0.937265,-0.239534,1.234878,-0.445717,0.942021,-0.234791,1.233765,-0.400120,0.947188,-0.216510,1.234535,-0.437109,0.933766,-0.033521,-0.603341,-0.008071,-0.796738,-0.006758,1.227502,0.131678,0.000240,0.020211,1.229166,0.154296,0.945041,-0.027745,1.225280,0.147693,0.956447,0.007600,1.229658,0.116698,0.958987,-0.027095,1.225904,0.108023,0.980833,-0.010385,-0.710061,-0.031280,-0.703369,0.480278,0.636347,-0.034469,0.000347,0.462208,0.634997,-0.052665,0.910246,0.504548,0.637631,-0.052323,0.954128,0.491375,0.636869,-0.003601,0.911937,0.462981,0.635890,-0.029287,0.939375,0.462302,0.635174,-0.052368,0.504502,0.637566,-0.052157,0.491309,0.636961,-0.003934,0.462999,0.635686,-0.029417,-0.192101,1.234441,-0.418582,-0.239402,1.234721,-0.445608,-0.234654,1.233796,-0.400278,-0.216563,1.234786,-0.437043,0.020051,1.229145,0.154147,-0.027588,1.225307,0.147622,0.007560,1.229664,0.116857,-0.027052,1.225892,0.108086
182,1.516667,-0.023232,-0.000063,-0.040083,-0.998926,-0.220672,1.234436,-0.425385,0.000262,-0.191876,1.234552,-0.418575,0.937265,-0.239529,1.234889,-0.445723,0.942021,-0.234781,1.233769,-0.400126,0.947188,-0.216504,1.234534,-0.437117,0.933766,-0.033508,-0.603360,-0.008191,-0.796723,-0.006756,1.227499,0.131678,0.000238,0.020213,1.229165,0.154296,0.945041,-0.027742,1.225271,0.147694,0.956447,0.007600,1.229659,0.116698,0.958987,-0.027094,1.225899,0.108024,0.980833,-0.010217,-0.710051,-0.031510,-0.703371,0.480288,0.636341,-0.034467,0.000357,0.462220,0.634982,-0.052664,0.910246,0.504558,0.637640,-0.052319,0.954128,0.491384,0.636867,-0.003598,0.911937,0.462991,0.635874,-0.029285,0.939375,0.462298,0.635164,-0.052378,0.504498,0.637573,-0.052144,0.491310,0.636962,-0.003929,0.463047,0.635665,-0.029415,-0.192087,1.234427,-0.418596,-0.239406,1.234735,-0.445615,-0.234656,1.233799,-0.400270,-0.216541,1.234783,-0.437060,0.020060,1.229147,0.154138,-0.027607,1.225294,0.147626,0.007564,1.229664,0.116855,-0.027041,1.225890,0.108094
183,1.525000,-0.023067,0.000182,-0.040072,-0.998931,-0.220686,1.234443,-0.425380,0.000270,-0.191892,1.234560,-0.418556,0.942131,-0.239532,1.234891,-0.445727,0.941667,-0.234807,1.233785,-0.400128,0.949764,-0.216511,1.234538,-0.437110,0.935891,-0.033563,-0.603387,-0.007868,-0.796703,-0.006754,1.227504,0.131676,0.000244,0.020217,1.229162,0.154291,0.943269,-0.027741,1.225293,0.147695,0.957553,0.007602,1.229652,0.116694,0.957668,-0.027096,1.225909,0.108025,0.979903,-0.010270,-0.709920,-0.031387,-0.703508,0.480273,0.636344,-0.034466,0.000338,0.462211,0.634988,-0.052669,0.911635,0.504550,0.637635,-0.052309,0.952327,0.491358,0.636870,-0.003593,0.913257,0.462974,0.635882,-0.029291,0.938582,0.462314,0.635172,-0.052385,0.504498,0.637568,-0.052139,0.491309,0.636966,-0.003923,0.462972,0.635671,-0.029415,-0.192088,1.234439,-0.418583,-0.239403,1.234739,-0.445606,-0.234692,1.233815,-0.400290,-0.216560,1.234780,-0.437042,0.020056,1.229138,0.154133,-0.027587,1.225322,0.147628,0.007560,1.229662,0.116858,-0.027046,1.225893,0.108086
184,1.533333,-0.022903,0.000189,-0.040013,-0.998937,-0.220684,1.234446,-0.425383,0.000270,-0.191891,1.234561,-0.418558,0.942131,-0.239530,1.234889,-0.445731,0.941667,-0.234806,1.233797,-0.400131,0.949764,-0.216510,1.234536,-0.437113,0.935891,-0.033515,-0.603319,-0.008173,-0.796753,-0.006755,1.227497,0.131680,0.000243,0.020211,1.229163,0.154301,0.943269,-0.027743,1.225271,0.147694,0.957553,0.007603,1.229657,0.116701,0.957668,-0.027092,1.225899,0.108024,0.979903,-0.010352,-0.710030,-0.031331,-0.703398,0.480286,0.636347,-0.034466,0.000334,0.462218,0.634996,-0.052664,0.911635,0.504557,0.637635,-0.052317,0.952327,0.491381,0.636871,-0.003596,0.913257,0.462988,0.635889,-0.029285,0.938582,0.462311,0.635183,-0.052375,0.504513,0.637566,-0.052144,0.491335,0.636969,-0.003923,0.462985,0.635672,-0.029420,-0.192096,1.234441,-0.418583,-0.239397,1.234739,-0.445612,-0.234687,1.233827,-0.400284,-0.216557,1.234776,-0.437054,0.020050,1.229148,0.154148,-0.027588,1.225292,0.147628,0.007557,1.229655,0.116861,-0.027041,1.225894,0.108084
185,1.541667,-0.023429,0.000012,-0.040256,-0.998915,-0.220664,1.234446,-0.425375,0.000283,-0.191868,1.234569,-0.418561,0.937354,-0.239517,1.234901,-0.445715,0.937821,-0.234775,1.233765,-0.400118,0.950555,-0.216494,1.234551,-0.437106,0.936253,-0.033488,-0.603415,-0.008194,-0.796682,-0.006753,1.227510,0.131685,0.000226,0.020219,1.229178,0.154299,0.946258,-0.027737,1.225282,0.147704,0.961723,0.007601,1.229671,0.116702,0.961288,-0.027095,1.225909,0.108034,0.981488,-0.010257,-0.709927,-0.031683,-0.703488,0.480276,0.636338,-0.034473,0.000336,0.462214,0.634982,-0.052677,0.911379,0.504551,0.637647,-0.052317,0.954835,0.491361,0.636856,-0.003601,0.916071,0.462977,0.635866,-0.029298,0.939539,0.462298,0.635148,-0.052376,0.504511,0.637586,-0.052152,0.491307,0.636942,-0.003921,0.462987,0.635674,-0.029444,-0.192085,1.234447,-0.418587,-0.239368,1.234749,-0.445587,-0.234653,1.233795,-0.400271,-0.216547,1.234795,-0.437056,0.020066,1.229164,0.154148,-0.027599,1.225301,0.147642,0.007573,1.229670,0.116854,-0.027053,1.225904,0.108094
186,1.550000,-0.023276,-0.000030,-0.040105,-0.998924,-0.220678,1.234444,-0.425376,0.000273,-0.191881,1.234560,-0.418564,0.937354,-0.239533,1.234898,-0.445715,0.937821,-0.234788,1.233774,-0.400118,0.950555,-0.216509,1.234543,-0.437108,0.936253,-0.033459,-0.603308,-0.008147,-0.796764,-0.006752,1.227506,0.131679,0.000233,0.020213,1.229176,0.154300,0.946258,-0.027741,1.225281,0.147693,0.961723,0.007606,1.229665,0.116700,0.961288,-0.027088,1.225904,0.108023,0.981488,-0.010163,-0.710051,-0.031429,-0.703375,0.480284,0.636347,-0.034467,0.000345,0.462216,0.634986,-0.052664,0.911379,0.504554,0.637642,-0.052320,0.954835,0.491380,0.636879,-0.003598,0.916071,0.462987,0.635882,-0.029285,0.939539,0.462310,0.635155,-0.052381,0.504501,0.637580,-0.052137,0.491333,0.636966,-0.003935,0.462994,0.635688,-0.029415,-0.192093,1.234434,-0.418583,-0.239401,1.234741,-0.445604,-0.234657,1.233805,-0.400271,-0.216560,1.234795,-0.437046,0.020064,1.229165,0.154151,-0.027593,1.225299,0.147621,0.007568,1.229660,0.116864,-0.027049,1.225902,0.108081
187,1.558333,-0.023290,0.000053,-0.040184,-0.998921,-0.220673,1.234441,-0.425376,0.000277,-0.191878,1.234561,-0.418560,0.937036,-0.239525,1.234892,-0.445718,0.942306,-0.234787,1.233768,-0.400120,0.947948,-0.216502,1.234541,-0.437107,0.935175,-0.033477,-0.603351,-0.008249,-0.796730,-0.006752,1.227506,0.131678,0.000245,0.020216,1.229175,0.154297,0.946163,-0.027739,1.225275,0.147694,0.957934,0.007604,1.229668,0.116698,0.957911,-0.027090,1.225904,0.108024,0.977906,-0.010164,-0.709918,-0.031418,-0.703510,0.480275,0.636347,-0.034466,0.000336,0.462213,0.634986,-0.052670,0.911913,0.504551,0.637641,-0.052310,0.951701,0.491359,0.636878,-0.003594,0.912128,0.462976,0.635882,-0.029292,0.938210,0.462305,0.635168,-0.052383,0.504510,0.637574,-0.052134,0.491312,0.636974,-0.003929,0.462971,0.635671,-0.029420,-0.192097,1.234438,-0.418577,-0.239392,1.234739,-0.445609,-0.234650,1.233798,-0.400274,-0.216553,1.234788,-0.437045,0.020065,1.229163,0.154144,-0.027592,1.225294,0.147613,0.007558,1.229664,0.116860,-0.027038,1.225902,0.108096
188,1.566667,-0.023223,0.000115,-0.040193,-0.998922,-0.220668,1.234451,-0.425366,0.000289,-0.191874,1.234573,-0.418546,0.937036,-0.239517,1.234900,-0.445710,0.942306,-0.234785,1.233782,-0.400112,0.947948,-0.216495,1.234550,-0.437096,0.935175,-0.033476,-0.603324,-0.008193,-0.796751,-0.006751,1.227500,0.131680,0.000240,0.020215,1.229169,0.154301,0.946163,-0.027739,1.225272,0.147695,0.957934,0.007606,1.229660,0.116701,0.957911,-0.027087,1.225898,0.108025,0.977906,-0.010395,-0.710000,-0.031303,-0.703429,0.480277,0.636349,-0.034468,0.000356,0.462210,0.635000,-0.052668,0.911913,0.504550,0.637635,-0.052318,0.951701,0.491369,0.636871,-0.003598,0.912128,0.462979,0.635893,-0.029289,0.938210,0.462312,0.635186,-0.052366,0.504495,0.637566,-0.052138,0.491317,0.636968,-0.003940,0.462984,0.635678,-0.029429,-0.192091,1.234452,-0.418571,-0.239360,1.234748,-0.445573,-0.234664,1.233811,-0.400268,-0.216556,1.234793,-0.437051,0.020058,1.229156,0.154154,-0.027588,1.225291,0.147624,0.007560,1.229655,0.116851,-0.027035,1.225897,0.108092
189,1.575000,-0.023439,0.000098,-0.040187,-0.998917,-0.220663,1.234451,-0.425369,0.000293,-0.191868,1.234569,-0.418550,0.935976,-0.239513,1.234909,-0.445712,0.936280,-0.234779,1.233770,-0.400114,0.948431,-0.216491,1.234555,-0.437099,0.934210,-0.033436,-0.603272,-0.008414,-0.796790,-0.006757,1.227508,0.131681,0.000247,0.020206,1.229183,0.154305,0.945560,-0.027746,1.225268,0.147692,0.959140,0.007602,1.229677,0.116704,0.956952,-0.027089,1.225903,0.108022,0.977201,-0.010159,-0.709939,-0.031182,-0.703499,0.480276,0.636346,-0.034463,0.000341,0.462213,0.634985,-0.052666,0.912156,0.504552,0.637626,-0.052309,0.949673,0.491361,0.636885,-0.003591,0.912940,0.462977,0.635889,-0.029287,0.936390,0.462300,0.635170,-0.052380,0.504502,0.637559,-0.052126,0.491317,0.636982,-0.003923,0.462984,0.635675,-0.029424,-0.192090,1.234445,-0.418580,-0.239359,1.234753,-0.445582,-0.234653,1.233801,-0.400274,-0.216550,1.234804,-0.437038,0.020057,1.229172,0.154147,-0.027604,1.225286,0.147613,0.007554,1.229670,0.116869,-0.027033,1.225903,0.108094
190,1.583333,-0.023437,0.000041,-0.040078,-0.998922,-0.220672,1.234456,-0.425363,0.000290,-0.191877,1.234569,-0.418548,0.935976,-0.239525,1.234918,-0.445704,0.936280,-0.234786,1.233779,-0.400107,0.948431,-0.216502,1.234559,-0.437094,0.934210,-0.033475,-0.603343,-0.008147,-0.796737,-0.006748,1.227504,0.131686,0.000237,0.020220,1.229172,0.154305,0.945560,-0.027735,1.225278,0.147702,0.959140,0.007609,1.229662,0.116706,0.956952,-0.027086,1.225902,0.108031,0.977201,-0.010305,-0.709930,-0.031516,-0.703491,0.480272,0.636348,-0.034466,0.000343,0.462209,0.634994,-0.052669,0.912156,0.504548,0.637646,-0.052310,0.949673,0.491358,0.636868,-0.003594,0.912940,0.462973,0.635882,-0.029291,0.936390,0.462310,0.635179,-0.052374,0.504508,0.637579,-0.052137,0.491305,0.636965,-0.003937,0.462965,0.635668,-0.029415,-0.192097,1.234447,-0.418577,-0.239366,1.234766,-0.445583,-0.234657,1.233809,-0.400261,-0.216569,1.234802,-0.437033,0.020070,1.229164,0.154156,-0.027590,1.225294,0.147631,0.007563,1.229652,0.116861,-0.027035,1.225905,0.108096
191,1.591667,-0.023436,0.000096,-0.040197,-0.998917,-0.220661,1.234452,-0.425363,0.000285,-0.191866,1.234571,-0.418545,0.935226,-0.239511,1.234909,-0.445706,0.937351,-0.234777,1.233771,-0.400109,0.952416,-0.216489,1.234556,-0.437094,0.936551,-0.033406,-0.603306,-0.008233,-0.796767,-0.006747,1.227509,0.131676,0.000232,0.020218,1.229183,0.154298,0.949009,-0.027736,1.225279,0.147690,0.961970,0.007611,1.229671,0.116698,0.958813,-0.027082,1.225903,0.108020,0.978240,-0.009989,-0.709982,-0.031567,-0.703441,0.480275,0.636353,-0.034458,0.000331,0.462211,0.634983,-0.052658,0.913521,0.504548,0.637658,-0.052306,0.952790,0.491364,0.636891,-0.003587,0.914000,0.462977,0.635881,-0.029280,0.938960,0.462294,0.635161,-0.052374,0.504508,0.637592,-0.052133,0.491314,0.636984,-0.003914,0.462983,0.635674,-0.029410,-0.192093,1.234449,-0.418578,-0.239355,1.234757,-0.445582,-0.234655,1.233801,-0.400252,-0.216541,1.234798,-0.437041,0.020081,1.229172,0.154147,-0.027606,1.225297,0.147612,0.007567,1.229666,0.116857,-0.027031,1.225901,0.108090
192,1.600000,-0.023216,0.000156,-0.040149,-0.998924,-0.220678,1.234460,-0.425369,0.000274,-0.191884,1.234579,-0.418547,0.935226,-0.239525,1.234910,-0.445715,0.937351,-0.234797,1.233792,-0.400116,0.952416,-0.216504,1.234559,-0.437099,0.936551,-0.033465,-0.603300,-0.008182,-0.796770,-0.006756,1.227505,0.131682,0.000243,0.020210,1.229174,0.154304,0.949009,-0.027744,1.225278,0.147696,0.961970,0.007603,1.229665,0.116704,0.958813,-0.027091,1.225903,0.108026,0.978240,-0.010275,-0.709966,-0.031503,-0.703456,0.480278,0.636349,-0.034470,0.000342,0.462213,0.634993,-0.052671,0.913521,0.504552,0.637647,-0.052317,0.952790,0.491366,0.636871,-0.003599,0.914000,0.462979,0.635883,-0.029293,0.938960,0.462301,0.635182,-0.052382,0.504512,0.637578,-0.052133,0.491319,0.636971,-0.003943,0.462978,0.635664,-0.029421,-0.192081,1.234455,-0.418580,-0.239382,1.234755,-0.445585,-0.234691,1.233822,-0.400273,-0.216556,1.234807,-0.437039,0.020058,1.229162,0.154156,-0.027592,1.225297,0.147617,0.007554,1.229659,0.116865,-0.027042,1.225901,0.108092
193,1.608333,-0.023205,0.000089,-0.040365,-0.998916,-0.220672,1.234453,-0.425366,0.000272,-0.191877,1.234585,-0.418547,0.938721,-0.239522,1.234895,-0.445710,0.942277,-0.234788,1.233779,-0.400111,0.949155,-0.216500,1.234553,-0.437097,0.934177,-0.033466,-0.603321,-0.008134,-0.796754,-0.006750,1.227510,0.131684,0.000232,0.020217,1.229179,0.154305,0.947701,-0.027738,1.225285,0.147699,0.960131,0.007608,1.229668,0.116705,0.958289,-0.027086,1.225908,0.108029,0.980447,-0.010153,-0.710030,-0.031407,-0.703397,0.480277,0.636349,-0.034467,0.000341,0.462209,0.634987,-0.052665,0.912193,0.504548,0.637643,-0.052318,0.950926,0.491371,0.636882,-0.003598,0.910465,0.462979,0.635885,-0.029287,0.938920,0.462292,0.635165,-0.052374,0.504510,0.637578,-0.052137,0.491319,0.636975,-0.003940,0.462985,0.635678,-0.029417,-0.192088,1.234461,-0.418566,-0.239385,1.234741,-0.445606,-0.234654,1.233810,-0.400261,-0.216561,1.234801,-0.437032,0.020073,1.229171,0.154153,-0.027600,1.225301,0.147620,0.007574,1.229660,0.116868,-0.027047,1.225909,0.108096
194,1.616667,-0.023514,0.000043,-0.040287,-0.998911,-0.220675,1.234457,-0.425369,0.000272,-0.191880,1.234581,-0.418553,0.938721,-0.239528,1.234914,-0.445710,0.942277,-0.234788,1.233770,-0.400113,0.949155,-0.216505,1.234564,-0.437100,0.934177,-0.033392,-0.603339,-0.008301,-0.796742,-0.006747,1.227510,0.131688,0.000239,0.020219,1.229186,0.154308,0.947701,-0.027734,1.225276,0.147703,0.960131,0.007609,1.229674,0.116709,0.958289,-0.027084,1.225903,0.108033,0.980447,-0.010060,-0.709935,-0.031446,-0.703493,0.480271,0.636347,-0.034461,0.000335,0.462209,0.634980,-0.052664,0.912193,0.504547,0.637643,-0.052305,0.950926,0.491357,0.636883,-0.003589,0.910465,0.462972,0.635879,-0.029285,0.938920,0.462299,0.635163,-0.052377,0.504500,0.637576,-0.052124,0.491320,0.636979,-0.003916,0.462967,0.635668,-0.029426,-0.192089,1.234455,-0.418582,-0.239389,1.234758,-0.445601,-0.234664,1.233801,-0.400262,-0.216558,1.234815,-0.437031,0.020063,1.229177,0.154152,-0.027583,1.225293,0.147630,0.007576,1.229666,0.116876,-0.027045,1.225903,0.108096
195,1.625000,-0.023302,0.000075,-0.040153,-0.998922,-0.220671,1.234457,-0.425363,0.000292,-0.191877,1.234576,-0.418546,0.934771,-0.239522,1.234911,-0.445706,0.935920,-0.234787,1.233784,-0.400108,0.948552,-0.216500,1.234558,-0.437094,0.933136,-0.033512,-0.603303,-0.008254,-0.796765,-0.006745,1.227512,0.131686,0.000238,0.020221,1.229179,0.154308,0.946741,-0.027733,1.225281,0.147699,0.959015,0.007614,1.229675,0.116708,0.958680,-0.027080,1.225912,0.108029,0.978874,-0.010187,-0.709907,-0.031523,-0.703516,0.480276,0.636347,-0.034465,0.000340,0.462215,0.634987,-0.052669,0.910630,0.504553,0.637647,-0.052307,0.951479,0.491360,0.636874,-0.003591,0.911296,0.462977,0.635880,-0.029290,0.937490,0.462302,0.635169,-0.052374,0.504515,0.637581,-0.052129,0.491311,0.636969,-0.003930,0.462977,0.635669,-0.029426,-0.192103,1.234448,-0.418570,-0.239365,1.234752,-0.445580,-0.234655,1.233816,-0.400263,-0.216562,1.234812,-0.437041,0.020072,1.229170,0.154155,-0.027592,1.225297,0.147617,0.007578,1.229667,0.116869,-0.027037,1.225913,0.108102
196,1.633333,-0.023299,0.000202,-0.040109,-0.998924,-0.220674,1.234464,-0.425366,0.000295,-0.191881,1.234579,-0.418541,0.938242,-0.239520,1.234919,-0.445713,0.933012,-0.234796,1.233792,-0.400114,0.949920,-0.216500,1.234564,-0.437096,0.934362,-0.033503,-0.603377,-0.008327,-0.796709,-0.006753,1.227504,0.131684,0.000240,0.020216,1.229174,0.154301,0.945632,-0.027739,1.225269,0.147700,0.958789,0.007602,1.229671,0.116703,0.959271,-0.027092,1.225904,0.108030,0.979087,-0.009968,-0.709991,-0.031524,-0.703434,0.480278,0.636344,-0.034463,0.000331,0.462214,0.634972,-0.052664,0.913604,0.504551,0.637646,-0.052312,0.951655,0.491368,0.636884,-0.003593,0.914921,0.462980,0.635872,-0.029285,0.938552,0.462299,0.635149,-0.052379,0.504508,0.637582,-0.052135,0.491326,0.636976,-0.003918,0.462980,0.635669,-0.029423,-0.192091,1.234455,-0.418581,-0.239359,1.234763,-0.445567,-0.234688,1.233823,-0.400281,-0.216558,1.234813,-0.437036,0.020062,1.229166,0.154148,-0.027593,1.225284,0.147624,0.007566,1.229660,0.116862,-0.027047,1.225908,0.108101
197,1.641667,-0.023430,0.000065,-0.040114,-0.998920,-0.220674,1.234456,-0.425370,0.000274,-0.191878,1.234570,-0.418553,0.938242,-0.239525,1.234916,-0.445711,0.933012,-0.234788,1.233778,-0.400114,0.949920,-0.216502,1.234559,-0.437100,0.934362,-0.033465,-0.603367,-0.008265,-0.796718,-0.006744,1.227506,0.131684,0.000240,0.020225,1.229177,0.154301,0.945632,-0.027730,1.225275,0.147700,0.958789,0.007612,1.229670,0.116703,0.959271,-0.027083,1.225904,0.108030,0.979087,-0.010270,-0.709858,-0.031615,-0.703560,0.480277,0.636353,-0.034471,0.000335,0.462218,0.634997,-0.052679,0.913604,0.504556,0.637658,-0.052311,0.951655,0.491356,0.636872,-0.003597,0.914921,0.462977,0.635884,-0.029299,0.938552,0.462300,0.635167,-0.052394,0.504520,0.637596,-0.052132,0.491306,0.636961,-0.003935,0.462983,0.635687,-0.029425,-0.192091,1.234446,-0.418577,-0.239392,1.234761,-0.445603,-0.234659,1.233808,-0.400266,-0.216552,1.234807,-0.437032,0.020073,1.229169,0.154146,-0.027590,1.225290,0.147625,0.007574,1.229661,0.116862,-0.027033,1.225906,0.108102
198,1.650000,-0.023429,0.000047,-0.040247,-0.998915,-0.220666,1.234454,-0.425369,0.000277,-0.191871,1.234576,-0.418553,0.935635,-0.239519,1.234909,-0.445710,0.941911,-0.234780,1.233772,-0.400113,0.949720,-0.216496,1.234558,-0.437100,0.935395,-0.033494,-0.603335,-0.008263,-0.796741,-0.006751,1.227504,0.131686,0.000238,0.020216,1.229173,0.154306,0.945903,-0.027738,1.225272,0.147701,0.959303,0.007606,1.229667,0.116707,0.957395,-0.027088,1.225903,0.108031,0.980826,-0.010066,-0.709896,-0.031484,-0.703531,0.480278,0.636351,-0.034464,0.000331,0.462218,0.634985,-0.052669,0.911683,0.504555,0.637650,-0.052306,0.952942,0.491359,0.636886,-0.003590,0.916199,0.462978,0.635882,-0.029290,0.936798,0.462318,0.635171,-0.052385,0.504504,0.637581,-0.052138,0.491317,0.636983,-0.003908,0.462972,0.635668,-0.029423,-0.192096,1.234452,-0.418577,-0.239382,1.234755,-0.445601,-0.234646,1.233802,-0.400260,-0.216541,1.234805,-0.437037,0.020065,1.229165,0.154152,-0.027591,1.225288,0.147633,0.007561,1.229656,0.116871,-0.027038,1.225906,0.108090
199,1.658333,-0.023552,0.000039,-0.040310,-0.998910,-0.220669,1.234455,-0.425373,0.000273,-0.191874,1.234579,-0.418558,0.935635,-0.239522,1.234912,-0.445714,0.941911,-0.234782,1.233765,-0.400117,0.949720,-0.216499,1.234562,-0.437104,0.935395,-0.033470,-0.603280,-0.008207,-0.796785,-0.006757,1.227499,0.131683,0.000231,0.020207,1.229169,0.154306,0.945903,-0.027746,1.225271,0.147695,0.959303,0.007602,1.229660,0.116705,0.957395,-0.027090,1.225897,0.108025,0.980826,-0.010132,-0.709915,-0.031542,-0.703508,0.480281,0.636352,-0.034466,0.000327,0.462219,0.634989,-0.052670,0.911683,0.504557,0.637654,-0.052309,0.952942,0.491364,0.636882,-0.003593,0.916199,0.462981,0.635883,-0.029291,0.936798,0.462305,0.635173,-0.052380,0.504520,0.637587,-0.052136,0.491325,0.636978,-0.003915,0.462972,0.635670,-0.029431,-0.192084,1.234455,-0.418584,-0.239386,1.234759,-0.445597,-0.234660,1.233795,-0.400269,-0.216548,1.234808,-0.437043,0.020054,1.229163,0.154155,-0.027604,1.225284,0.147624,0.007573,1.229648,0.116861,-0.027051,1.225902,0.108090
200,1.666667,-0.023345,-0.000052,-0.040319,-0.998914,-0.220672,1.234450,-0.425372,0.000277,-0.191875,1.234578,-0.418562,0.937906,-0.239528,1.234899,-0.445710,0.941474,-0.234780,1.233771,-0.400113,0.949317,-0.216503,1.234553,-0.437104,0.934960,-0.033464,-0.603355,-0.008125,-0.796729,-0.006759,1.227503,0.131684,0.000237,0.020210,1.229172,0.154302,0.947632,-0.027745,1.225278,0.147701,0.958858,0.007598,1.229661,0.116704,0.958368,-0.027097,1.225901,0.108031,0.979588,-0.010077,-0.709925,-0.031529,-0.703499,0.480279,0.636345,-0.034470,0.000333,0.462218,0.634980,-0.052674,0.913296,0.504556,0.637647,-0.052314,0.952070,0.491364,0.636879,-0.003598,0.913896,0.462981,0.635876,-0.029295,0.938851,0.462303,0.635157,-0.052388,0.504514,0.637582,-0.052139,0.491317,0.636972,-0.003926,0.462984,0.635671,-0.029428,-0.192090,1.234455,-0.418586,-0.239388,1.234746,-0.445601,-0.234649,1.233801,-0.400265,-0.216560,1.234798,-0.437037,0.020064,1.229161,0.154152,-0.027602,1.225296,0.147621,0.007556,1.229655,0.116865,-0.027052,1.225899,0.108099
201,1.675000,-0.023230,-0.000028,-0.040133,-0.998924,-0.220665,1.234453,-0.425368,0.000293,-0.191869,1.234571,-0.418556,0.937906,-0.239520,1.234904,-0.445707,0.941474,-0.234775,1.233785,-0.400110,0.949317,-0.216496,1.234551,-0.437100,0.934960,-0.033495,-0.603394,-0.008320,-0.796696,-0.006752,1.227503,0.131685,0.000249,0.020218,1.229173,0.154301,0.947632,-0.027737,1.225269,0.147703,0.958858,0.007603,1.229669,0.116704,0.958368,-0.027092,1.225902,0.108033,0.979588,-0.010002,-0.709998,-0.031453,-0.703430,0.480273,0.636349,-0.034460,0.000329,0.462208,0.634980,-0.052660,0.913296,0.504546,0.637647,-0.052309,0.952070,0.491364,0.636890,-0.003590,0.913896,0.462975,0.635881,-0.029281,0.938851,0.462283,0.635160,-0.052374,0.504514,0.637582,-0.052130,0.491317,0.636985,-0.003923,0.462977,0.635671,-0.029413,-0.192087,1.234449,-0.418589,-0.239364,1.234751,-0.445579,-0.234652,1.233815,-0.400270,-0.216557,1.234797,-0.437036,0.020063,1.229163,0.154145,-0.027589,1.225286,0.147621,0.007559,1.229661,0.116867,-0.027041,1.225903,0.108109
202,1.683333,-0.023323,-0.000024,-0.040231,-0.998918,-0.220671,1.234446,-0.425377,0.000273,-0.191875,1.234569,-0.418565,0.938482,-0.239526,1.234897,-0.445716,0.941529,-0.234781,1.233770,-0.400119,0.950892,-0.216502,1.234548,-0.437109,0.935449,-0.033498,-0.603370,-0.008295,-0.796714,-0.006751,1.227504,0.131683,0.000237,0.020218,1.229173,0.154301,0.944572,-0.027736,1.225271,0.147700,0.957580,0.007605,1.229669,0.116703,0.958906,-0.027089,1.225903,0.108030,0.981331,-0.010177,-0.710011,-0.031565,-0.703409,0.480280,0.636344,-0.034463,0.000338,0.462213,0.634983,-0.052662,0.911450,0.504551,0.637647,-0.052313,0.952702,0.491372,0.636871,-0.003593,0.912634,0.462982,0.635875,-0.029284,0.939589,0.462308,0.635158,-0.052369,0.504509,0.637583,-0.052140,0.491323,0.636962,-0.003927,0.462979,0.635673,-0.029416,-0.192087,1.234446,-0.418593,-0.239390,1.234744,-0.445603,-0.234658,1.233801,-0.400269,-0.216550,1.234793,-0.437045,0.020059,1.229155,0.154148,-0.027585,1.225294,0.147628,0.007574,1.229672,0.116864,-0.027052,1.225894,0.108094
203,1.691667,-0.023146,0.000310,-0.040074,-0.998929,-0.220684,1.234449,-0.425378,0.000271,-0.191893,1.234565,-0.418547,0.938482,-0.239526,1.234900,-0.445730,0.941529,-0.234812,1.233786,-0.400129,0.950892,-0.216507,1.234546,-0.437107,0.935449,-0.033652,-0.603296,-0.008382,-0.796763,-0.006757,1.227496,0.131683,0.000240,0.020208,1.229156,0.154306,0.944572,-0.027746,1.225258,0.147695,0.957580,0.007601,1.229665,0.116706,0.958906,-0.027092,1.225905,0.108025,0.981331,-0.010472,-0.709867,-0.031588,-0.703549,0.480271,0.636334,-0.034467,0.000347,0.462211,0.634989,-0.052674,0.911450,0.504550,0.637636,-0.052307,0.952702,0.491351,0.636843,-0.003593,0.912634,0.462971,0.635870,-0.029294,0.939589,0.462299,0.635155,-0.052377,0.504503,0.637575,-0.052132,0.491294,0.636929,-0.003929,0.462986,0.635679,-0.029430,-0.192098,1.234441,-0.418581,-0.239389,1.234745,-0.445609,-0.234700,1.233817,-0.400281,-0.216551,1.234794,-0.437042,0.020050,1.229142,0.154150,-0.027599,1.225278,0.147630,0.007561,1.229662,0.116865,-0.027040,1.225902,0.108088
204,1.700000,-0.023373,-0.000080,-0.040332,-0.998913,-0.220679,1.234440,-0.425372,0.000295,-0.191882,1.234568,-0.418563,0.937214,-0.239536,1.234889,-0.445709,0.938524,-0.234786,1.233759,-0.400112,0.945405,-0.216511,1.234543,-0.437104,0.936242,-0.033538,-0.603251,-0.008159,-0.796804,-0.006756,1.227501,0.131684,0.000232,0.020207,1.229165,0.154309,0.946304,-0.027747,1.225275,0.147695,0.959417,0.007605,1.229660,0.116707,0.960172,-0.027088,1.225903,0.108025,0.980761,-0.010083,-0.709984,-0.031606,-0.703435,0.480275,0.636344,-0.034465,0.000328,0.462210,0.634978,-0.052666,0.911407,0.504548,0.637650,-0.052313,0.954325,0.491365,0.636875,-0.003594,0.913638,0.462977,0.635872,-0.029287,0.937923,0.462308,0.635164,-0.052381,0.504509,0.637582,-0.052148,0.491316,0.636972,-0.003922,0.462966,0.635656,-0.029410,-0.192101,1.234447,-0.418588,-0.239392,1.234739,-0.445578,-0.234655,1.233789,-0.400285,-0.216566,1.234783,-0.437038,0.020054,1.229148,0.154159,-0.027603,1.225297,0.147624,0.007573,1.229663,0.116864,-0.027048,1.225894,0.108090
205,1.708333,-0.023082,0.000178,-0.040096,-0.998929,-0.220687,1.234444,-0.425382,0.000269,-0.191894,1.234561,-0.418558,0.937214,-0.239534,1.234890,-0.445729,0.938524,-0.234808,1.233783,-0.400129,0.945405,-0.216513,1.234539,-0.437112,0.936242,-0.033394,-0.603345,-0.008268,-0.796738,-0.006756,1.227498,0.131687,0.000244,0.020211,1.229174,0.154306,0.946304,-0.027743,1.225266,0.147703,0.959417,0.007600,1.229661,0.116707,0.960172,-0.027093,1.225891,0.108033,0.980761,-0.010360,-0.709983,-0.031698,-0.703429,0.480274,0.636342,-0.034465,0.000342,0.462208,0.634990,-0.052665,0.911407,0.504546,0.637651,-0.052313,0.954325,0.491364,0.636854,-0.003594,0.913638,0.462976,0.635871,-0.029286,0.937923,0.462296,0.635171,-0.052372,0.504505,0.637584,-0.052141,0.491306,0.636948,-0.003929,0.462988,0.635662,-0.029417,-0.192097,1.234439,-0.418587,-0.239397,1.234738,-0.445614,-0.234691,1.233814,-0.400280,-0.216564,1.234784,-0.437047,0.020055,1.229156,0.154147,-0.027598,1.225291,0.147630,0.007561,1.229665,0.116870,-0.027042,1.225882,0.108101
206,1.716667,-0.023246,0.000200,-0.040198,-0.998921,-0.220682,1.234440,-0.425374,0.000283,-0.191889,1.234562,-0.418549,0.939608,-0.239528,1.234890,-0.445721,0.936396,-0.234803,1.233769,-0.400122,0.950379,-0.216507,1.234540,-0.437104,0.936225,-0.033482,-0.603326,-0.008292,-0.796748,-0.006756,1.227499,0.131679,0.000243,0.020210,1.229169,0.154300,0.944078,-0.027744,1.225266,0.147694,0.957197,0.007601,1.229663,0.116700,0.957211,-0.027092,1.225897,0.108024,0.979595,-0.010248,-0.709893,-0.031404,-0.703535,0.480274,0.636347,-0.034467,0.000341,0.462213,0.634990,-0.052672,0.910279,0.504552,0.637639,-0.052309,0.953345,0.491356,0.636874,-0.003593,0.912718,0.462974,0.635884,-0.029293,0.938323,0.462308,0.635170,-0.052376,0.504508,0.637574,-0.052140,0.491301,0.636967,-0.003925,0.462977,0.635676,-0.029426,-0.192094,1.234440,-0.418583,-0.239383,1.234737,-0.445578,-0.234697,1.233799,-0.400286,-0.216553,1.234785,-0.437048,0.020053,1.229150,0.154141,-0.027595,1.225291,0.147612,0.007571,1.229669,0.116869,-0.027055,1.225885,0.108095
207,1.725000,-0.023301,-0.000122,-0.040237,-0.998918,-0.220672,1.234432,-0.425369,0.000290,-0.191875,1.234556,-0.418563,0.939608,-0.239531,1.234882,-0.445704,0.936396,-0.234777,1.233757,-0.400108,0.950379,-0.216505,1.234533,-0.437102,0.936225,-0.033549,-0.603295,-0.008287,-0.796769,-0.006757,1.227493,0.131678,0.000248,0.020208,1.229158,0.154300,0.944078,-0.027746,1.225260,0.147690,0.957197,0.007602,1.229657,0.116700,0.957211,-0.027091,1.225895,0.108020,0.979595,-0.010170,-0.710095,-0.031653,-0.703321,0.480284,0.636339,-0.034464,0.000345,0.462213,0.634978,-0.052658,0.910279,0.504551,0.637648,-0.052319,0.953345,0.491383,0.636864,-0.003596,0.912718,0.462987,0.635867,-0.029280,0.938323,0.462288,0.635162,-0.052377,0.504501,0.637580,-0.052146,0.491315,0.636961,-0.003925,0.463031,0.635655,-0.029405,-0.192093,1.234432,-0.418589,-0.239377,1.234727,-0.445577,-0.234650,1.233788,-0.400267,-0.216569,1.234781,-0.437044,0.020046,1.229141,0.154143,-0.027591,1.225284,0.147616,0.007562,1.229659,0.116865,-0.027044,1.225887,0.108088
208,1.733333,-0.023100,0.000069,-0.040109,-0.998928,-0.220679,1.234439,-0.425383,0.000279,-0.191884,1.234558,-0.418565,0.938538,-0.239530,1.234886,-0.445726,0.935990,-0.234794,1.233778,-0.400127,0.953365,-0.216507,1.234535,-0.437114,0.935036,-0.033463,-0.603315,-0.008194,-0.796759,-0.006764,1.227493,0.131680,0.000248,0.020202,1.229163,0.154301,0.942339,-0.027753,1.225265,0.147694,0.956973,0.007594,1.229653,0.116701,0.957880,-0.027100,1.225891,0.108024,0.978843,-0.010461,-0.709982,-0.031139,-0.703453,0.480274,0.636343,-0.034462,0.000344,0.462208,0.634997,-0.052662,0.912415,0.504548,0.637618,-0.052310,0.951655,0.491365,0.636865,-0.003591,0.911407,0.462976,0.635893,-0.029284,0.940186,0.462302,0.635174,-0.052375,0.504501,0.637553,-0.052134,0.491310,0.636957,-0.003929,0.462983,0.635689,-0.029409,-0.192092,1.234434,-0.418603,-0.239378,1.234730,-0.445591,-0.234689,1.233808,-0.400278,-0.216555,1.234784,-0.437060,0.020037,1.229143,0.154140,-0.027599,1.225291,0.147620,0.007557,1.229659,0.116865,-0.027053,1.225879,0.108093
209,1.741667,-0.023096,0.000114,-0.040053,-0.998931,-0.220688,1.234433,-0.425388,0.000265,-0.191894,1.234548,-0.418567,0.938538,-0.239537,1.234882,-0.445732,0.935990,-0.234806,1.233774,-0.400133,0.953365,-0.216516,1.234528,-0.437118,0.935036,-0.033453,-0.603280,-0.008111,-0.796787,-0.006756,1.227492,0.131679,0.000239,0.020208,1.229161,0.154302,0.942339,-0.027746,1.225269,0.147691,0.956973,0.007603,1.229649,0.116701,0.957880,-0.027090,1.225890,0.108021,0.978843,-0.010497,-0.709940,-0.031354,-0.703485,0.480281,0.636347,-0.034475,0.000333,0.462217,0.635003,-0.052677,0.912415,0.504557,0.637635,-0.052320,0.951655,0.491368,0.636861,-0.003603,0.911407,0.462982,0.635891,-0.029299,0.940186,0.462311,0.635185,-0.052391,0.504520,0.637568,-0.052154,0.491311,0.636956,-0.003937,0.462981,0.635680,-0.029416,-0.192093,1.234421,-0.418597,-0.239407,1.234723,-0.445608,-0.234697,1.233805,-0.400286,-0.216557,1.234783,-0.437060,0.020046,1.229141,0.154155,-0.027582,1.225295,0.147623,0.007563,1.229655,0.116862,-0.027051,1.225878,0.108077
210,1.750000,-0.022999,0.000035,-0.040139,-0.998929,-0.220693,1.234435,-0.425385,0.000259,-0.191897,1.234556,-0.418568,0.943974,-0.239545,1.234876,-0.445726,0.942715,-0.234806,1.233778,-0.400128,0.952254,-0.216522,1.234528,-0.437116,0.936356,-0.033541,-0.603293,-0.008186,-0.796772,-0.006766,1.227496,0.131683,0.000238,0.020199,1.229160,0.154306,0.943799,-0.027755,1.225268,0.147696,0.959462,0.007593,1.229656,0.116705,0.960057,-0.027101,1.225899,0.108026,0.979504,-0.010351,-0.710027,-0.031323,-0.703401,0.480279,0.636348,-0.034468,0.000342,0.462211,0.634997,-0.052666,0.910902,0.504550,0.637635,-0.052319,0.953377,0.491373,0.636872,-0.003598,0.912056,0.462981,0.635890,-0.029287,0.939185,0.462301,0.635174,-0.052370,0.504510,0.637571,-0.052149,0.491315,0.636964,-0.003933,0.462989,0.635686,-0.029419,-0.192085,1.234436,-0.418593,-0.239415,1.234726,-0.445612,-0.234694,1.233807,-0.400280,-0.216576,1.234769,-0.437054,0.020038,1.229139,0.154150,-0.027609,1.225294,0.147631,0.007559,1.229664,0.116861,-0.027053,1.225886,0.108091
211,1.758333,-0.023079,0.000174,-0.040055,-0.998931,-0.220680,1.234434,-0.425381,0.000281,-0.191887,1.234549,-0.418557,0.938441,-0.239527,1.234882,-0.445728,0.938426,-0.234801,1.233775,-0.400129,0.950645,-0.216506,1.234528,-0.437111,0.935399,-0.033481,-0.603333,-0.008084,-0.796745,-0.006761,1.227495,0.131688,0.000243,0.020207,1.229162,0.154307,0.942009,-0.027749,1.225273,0.147703,0.957781,0.007597,1.229651,0.116708,0.958364,-0.027098,1.225895,0.108033,0.980228,-0.010428,-0.709988,-0.031283,-0.703441,0.480271,0.636342,-0.034471,0.000343,0.462205,0.634994,-0.052671,0.910173,0.504545,0.637626,-0.052320,0.952258,0.491362,0.636862,-0.003601,0.910977,0.462973,0.635886,-0.029293,0.938028,0.462297,0.635176,-0.052375,0.504505,0.637560,-0.052145,0.491308,0.636956,-0.003940,0.462976,0.635676,-0.029425,-0.192098,1.234426,-0.418591,-0.239385,1.234728,-0.445599,-0.234687,1.233805,-0.400287,-0.216552,1.234775,-0.437049,0.020041,1.229139,0.154147,-0.027596,1.225302,0.147638,0.007564,1.229662,0.116871,-0.027053,1.225879,0.108096
212,1.766667,-0.023115,0.000103,-0.040222,-0.998923,-0.220687,1.234430,-0.425382,0.000275,-0.191893,1.234555,-0.418562,0.938441,-0.239536,1.234873,-0.445726,0.938426,-0.234804,1.233765,-0.400128,0.950645,-0.216514,1.234527,-0.437113,0.935399,-0.033473,-0.603337,-0.008166,-0.796741,-0.006764,1.227498,0.131686,0.000248,0.020203,1.229166,0.154305,0.942009,-0.027751,1.225271,0.147701,0.957781,0.007593,1.229657,0.116706,0.958364,-0.027101,1.225896,0.108031,0.980228,-0.010652,-0.709926,-0.031413,-0.703495,0.480276,0.636348,-0.034463,0.000348,0.462212,0.635012,-0.052667,0.910173,0.504552,0.637637,-0.052308,0.952258,0.491362,0.636851,-0.003591,0.910977,0.462977,0.635892,-0.029288,0.938028,0.462312,0.635193,-0.052369,0.504505,0.637571,-0.052136,0.491305,0.636945,-0.003930,0.462982,0.635683,-0.029418,-0.192094,1.234434,-0.418597,-0.239393,1.234722,-0.445595,-0.234696,1.233794,-0.400283,-0.216563,1.234769,-0.437054,0.020039,1.229143,0.154143,-0.027596,1.225299,0.147632,0.007555,1.229666,0.116876,-0.027054,1.225881,0.108093
213,1.775000,-0.022931,0.000092,-0.040126,-0.998932,-0.220689,1.234428,-0.425388,0.000271,-0.191895,1.234549,-0.418568,0.939704,-0.239539,1.234867,-0.445732,0.941217,-0.234806,1.233774,-0.400133,0.951359,-0.216517,1.234519,-0.437118,0.935214,-0.033526,-0.603273,-0.008195,-0.796787,-0.006766,1.227492,0.131682,0.000233,0.020198,1.229158,0.154306,0.944415,-0.027756,1.225265,0.147694,0.960156,0.007593,1.229653,0.116705,0.957946,-0.027100,1.225894,0.108024,0.980955,-0.010412,-0.709941,-0.031278,-0.703489,0.480273,0.636338,-0.034468,0.000343,0.462209,0.634990,-0.052671,0.912988,0.504549,0.637622,-0.052314,0.951352,0.491360,0.636859,-0.003596,0.912139,0.462974,0.635883,-0.029292,0.939903,0.462294,0.635163,-0.052381,0.504505,0.637559,-0.052135,0.491307,0.636949,-0.003932,0.462988,0.635683,-0.029425,-0.192101,1.234427,-0.418597,-0.239402,1.234714,-0.445618,-0.234687,1.233804,-0.400283,-0.216568,1.234765,-0.437054,0.020044,1.229135,0.154146,-0.027615,1.225292,0.147624,0.007566,1.229665,0.116870,-0.027060,1.225878,0.108087
214,1.783333,-0.023393,-0.000082,-0.040239,-0.998916,-0.220680,1.234424,-0.425375,0.000281,-0.191883,1.234546,-0.418566,0.939704,-0.239538,1.234877,-0.445711,0.941217,-0.234787,1.233745,-0.400115,0.951359,-0.216512,1.234527,-0.437107,0.935214,-0.033571,-0.603270,-0.008212,-0.796788,-0.006761,1.227493,0.131682,0.000243,0.020203,1.229156,0.154306,0.944415,-0.027751,1.225264,0.147693,0.960156,0.007599,1.229655,0.116705,0.957946,-0.027094,1.225897,0.108023,0.980955,-0.010428,-0.709963,-0.031189,-0.703470,0.480273,0.636340,-0.034465,0.000332,0.462208,0.634992,-0.052666,0.912988,0.504549,0.637618,-0.052312,0.951352,0.491362,0.636862,-0.003594,0.912139,0.462975,0.635887,-0.029288,0.939903,0.462295,0.635164,-0.052380,0.504514,0.637555,-0.052143,0.491307,0.636952,-0.003927,0.462978,0.635688,-0.029410,-0.192100,1.234427,-0.418590,-0.239395,1.234728,-0.445588,-0.234661,1.233774,-0.400269,-0.216564,1.234766,-0.437051,0.020042,1.229133,0.154145,-0.027598,1.225292,0.147624,0.007563,1.229664,0.116875,-0.027051,1.225882,0.108083
215,1.791667,-0.022933,0.000144,-0.040122,-0.998932,-0.220693,1.234429,-0.425385,0.000274,-0.191899,1.234550,-0.418563,0.939452,-0.239540,1.234869,-0.445731,0.940602,-0.234812,1.233776,-0.400131,0.950726,-0.216519,1.234521,-0.437115,0.935948,-0.033446,-0.603352,-0.008048,-0.796732,-0.006759,1.227489,0.131676,0.000241,0.020210,1.229158,0.154294,0.943224,-0.027746,1.225269,0.147693,0.958108,0.007598,1.229644,0.116696,0.958623,-0.027097,1.225887,0.108023,0.979724,-0.010716,-0.709958,-0.031344,-0.703465,0.480278,0.636339,-0.034474,0.000338,0.462212,0.635006,-0.052675,0.911241,0.504553,0.637623,-0.052320,0.952580,0.491367,0.636840,-0.003602,0.912782,0.462979,0.635886,-0.029296,0.938313,0.462308,0.635187,-0.052386,0.504509,0.637557,-0.052148,0.491318,0.636934,-0.003934,0.462978,0.635676,-0.029426,-0.192106,1.234429,-0.418590,-0.239403,1.234717,-0.445611,-0.234693,1.233806,-0.400285,-0.216569,1.234764,-0.437054,0.020049,1.229133,0.154137,-0.027596,1.225299,0.147625,0.007564,1.229657,0.116857,-0.027052,1.225869,0.108088
216,1.800000,-0.022897,0.000172,-0.040140,-0.998932,-0.220686,1.234430,-0.425391,0.000261,-0.191893,1.234553,-0.418567,0.939452,-0.239532,1.234867,-0.445738,0.940602,-0.234807,1.233778,-0.400138,0.950726,-0.216512,1.234521,-0.437121,0.935948,-0.033661,-0.603292,-0.008200,-0.796768,-0.006761,1.227493,0.131678,0.000246,0.020204,1.229150,0.154300,0.943224,-0.027751,1.225265,0.147690,0.958108,0.007598,1.229655,0.116700,0.958623,-0.027096,1.225903,0.108020,0.979724,-0.010506,-0.710057,-0.031288,-0.703371,0.480274,0.636341,-0.034466,0.000339,0.462204,0.634997,-0.052663,0.911241,0.504545,0.637625,-0.052319,0.952580,0.491372,0.636857,-0.003598,0.912782,0.462977,0.635887,-0.029284,0.938313,0.462297,0.635178,-0.052375,0.504503,0.637559,-0.052145,0.491318,0.636951,-0.003936,0.462981,0.635678,-0.029408,-0.192088,1.234433,-0.418585,-0.239410,1.234718,-0.445617,-0.234691,1.233807,-0.400294,-0.216555,1.234761,-0.437067,0.020031,1.229124,0.154142,-0.027595,1.225295,0.147622,0.007571,1.229669,0.116855,-0.027052,1.225886,0.108092
217,1.808333,-0.022963,0.000194,-0.040121,-0.998931,-0.220690,1.234431,-0.425388,0.000262,-0.191897,1.234552,-0.418562,0.942870,-0.239535,1.234873,-0.445735,0.941963,-0.234812,1.233777,-0.400135,0.952942,-0.216515,1.234524,-0.437117,0.936046,-0.033512,-0.603351,-0.008153,-0.796730,-0.006757,1.227495,0.131676,0.000246,0.020211,1.229161,0.154295,0.942561,-0.027744,1.225269,0.147692,0.955785,0.007600,1.229654,0.116696,0.957077,-0.027095,1.225896,0.108022,0.980647,-0.010422,-0.709991,-0.031204,-0.703442,0.480274,0.636337,-0.034471,0.000351,0.462208,0.634989,-0.052671,0.908912,0.504548,0.637616,-0.052320,0.951383,0.491365,0.636859,-0.003601,0.909580,0.462976,0.635883,-0.029292,0.937779,0.462313,0.635175,-0.052376,0.504497,0.637547,-0.052145,0.491309,0.636956,-0.003945,0.462978,0.635669,-0.029418,-0.192089,1.234432,-0.418591,-0.239401,1.234722,-0.445621,-0.234700,1.233806,-0.400284,-0.216569,1.234766,-0.437054,0.020047,1.229135,0.154137,-0.027585,1.225300,0.147621,0.007564,1.229668,0.116864,-0.027053,1.225877,0.108085
218,1.816667,-0.023262,-0.000091,-0.040257,-0.998919,-0.220682,1.234425,-0.425381,0.000274,-0.191885,1.234550,-0.418573,0.942870,-0.239540,1.234872,-0.445718,0.941963,-0.234789,1.233751,-0.400121,0.952942,-0.216515,1.234525,-0.437113,0.936046,-0.033411,-0.603324,-0.008139,-0.796754,-0.006758,1.227494,0.131680,0.000242,0.020209,1.229166,0.154300,0.942561,-0.027746,1.225269,0.147695,0.955785,0.007600,1.229652,0.116701,0.957077,-0.027094,1.225889,0.108025,0.980647,-0.010666,-0.709996,-0.031267,-0.703431,0.480275,0.636342,-0.034473,0.000343,0.462208,0.635006,-0.052673,0.908912,0.504548,0.637623,-0.052322,0.951383,0.491368,0.636848,-0.003603,0.909580,0.462977,0.635891,-0.029294,0.937779,0.462304,0.635182,-0.052383,0.504507,0.637559,-0.052149,0.491309,0.636939,-0.003948,0.462980,0.635689,-0.029412,-0.192102,1.234426,-0.418592,-0.239410,1.234718,-0.445615,-0.234652,1.233782,-0.400273,-0.216566,1.234773,-0.437045,0.020047,1.229144,0.154139,-0.027597,1.225297,0.147625,0.007570,1.229662,0.116866,-0.027050,1.225873,0.108092
219,1.825000,-0.023202,0.000007,-0.040323,-0.998917,-0.220678,1.234426,-0.425390,0.000270,-0.191883,1.234556,-0.418576,0.938672,-0.239532,1.234869,-0.445730,0.943781,-0.234790,1.233754,-0.400133,0.950486,-0.216508,1.234526,-0.437121,0.937749,-0.033427,-0.603248,-0.008121,-0.796812,-0.006755,1.227488,0.131679,0.000235,0.020207,1.229159,0.154304,0.944728,-0.027746,1.225264,0.147690,0.958485,0.007605,1.229645,0.116702,0.958274,-0.027087,1.225884,0.108020,0.981260,-0.010418,-0.709967,-0.031301,-0.703462,0.480273,0.636343,-0.034469,0.000345,0.462208,0.634995,-0.052671,0.911775,0.504548,0.637628,-0.052317,0.952298,0.491362,0.636863,-0.003598,0.912907,0.462975,0.635887,-0.029292,0.938951,0.462295,0.635170,-0.052377,0.504501,0.637564,-0.052143,0.491305,0.636954,-0.003930,0.462993,0.635685,-0.029428,-0.192097,1.234437,-0.418598,-0.239399,1.234722,-0.445624,-0.234661,1.233783,-0.400279,-0.216558,1.234761,-0.437059,0.020051,1.229133,0.154150,-0.027597,1.225294,0.147624,0.007569,1.229659,0.116865,-0.027044,1.225865,0.108078
220,1.833333,-0.023313,-0.000061,-0.040353,-0.998913,-0.220670,1.234424,-0.425375,0.000279,-0.191873,1.234554,-0.418564,0.938672,-0.239527,1.234870,-0.445712,0.943781,-0.234778,1.233745,-0.400116,0.950486,-0.216502,1.234527,-0.437107,0.937749,-0.033541,-0.603364,-0.008281,-0.796718,-0.006760,1.227494,0.131681,0.000235,0.020209,1.229160,0.154299,0.944728,-0.027746,1.225262,0.147698,0.958485,0.007596,1.229659,0.116701,0.958274,-0.027098,1.225896,0.108028,0.981260,-0.010455,-0.710017,-0.031502,-0.703402,0.480290,0.636335,-0.034467,0.000357,0.462222,0.634989,-0.052666,0.911775,0.504561,0.637631,-0.052318,0.952298,0.491383,0.636847,-0.003598,0.912907,0.462992,0.635873,-0.029287,0.938951,0.462298,0.635173,-0.052386,0.504505,0.637563,-0.052136,0.491311,0.636944,-0.003939,0.463044,0.635659,-0.029408,-0.192093,1.234432,-0.418585,-0.239384,1.234718,-0.445591,-0.234650,1.233776,-0.400267,-0.216553,1.234771,-0.437056,0.020057,1.229136,0.154138,-0.027605,1.225291,0.147629,0.007563,1.229672,0.116870,-0.027055,1.225878,0.108088
221,1.841667,-0.022978,0.000135,-0.040223,-0.998927,-0.220692,1.234427,-0.425391,0.000264,-0.191898,1.234554,-0.418569,0.941337,-0.239540,1.234865,-0.445737,0.944492,-0.234811,1.233769,-0.400138,0.949661,-0.216519,1.234521,-0.437122,0.935877,-0.033448,-0.603345,-0.008271,-0.796736,-0.006759,1.227497,0.131684,0.000240,0.020209,1.229169,0.154303,0.945312,-0.027745,1.225265,0.147699,0.957114,0.007598,1.229661,0.116704,0.956953,-0.027096,1.225894,0.108029,0.981027,-0.010619,-0.709894,-0.031476,-0.703524,0.480273,0.636345,-0.034470,0.000347,0.462211,0.635008,-0.052675,0.909615,0.504551,0.637639,-0.052312,0.951352,0.491357,0.636848,-0.003597,0.911014,0.462974,0.635887,-0.029296,0.937268,0.462315,0.635195,-0.052384,0.504499,0.637570,-0.052138,0.491305,0.636946,-0.003935,0.462975,0.635671,-0.029424,-0.192098,1.234432,-0.418593,-0.239421,1.234714,-0.445626,-0.234690,1.233799,-0.400296,-0.216560,1.234764,-0.437050,0.020055,1.229150,0.154149,-0.027594,1.225291,0.147623,0.007560,1.229666,0.116872,-0.027055,1.225881,0.108093
222,1.850000,-0.023298,0.000019,-0.040105,-0.998924,-0.220676,1.234435,-0.425380,0.000283,-0.191880,1.234551,-0.418565,0.941337,-0.239529,1.234890,-0.445720,0.944492,-0.234788,1.233764,-0.400123,0.949661,-0.216505,1.234535,-0.437111,0.935877,-0.033533,-0.603308,-0.008372,-0.796759,-0.006758,1.227500,0.131680,0.000244,0.020208,1.229168,0.154302,0.945312,-0.027746,1.225263,0.147693,0.957114,0.007600,1.229668,0.116702,0.956953,-0.027092,1.225901,0.108023,0.981027,-0.010448,-0.709931,-0.031514,-0.703488,0.480274,0.636344,-0.034469,0.000340,0.462211,0.634997,-0.052672,0.909615,0.504550,0.637641,-0.052313,0.951352,0.491360,0.636856,-0.003596,0.911014,0.462975,0.635881,-0.029293,0.937268,0.462296,0.635172,-0.052379,0.504509,0.637577,-0.052147,0.491297,0.636947,-0.003926,0.462993,0.635678,-0.029423,-0.192090,1.234428,-0.418595,-0.239382,1.234737,-0.445596,-0.234667,1.233794,-0.400281,-0.216564,1.234780,-0.437047,0.020056,1.229151,0.154147,-0.027597,1.225286,0.147611,0.007560,1.229670,0.116869,-0.027049,1.225892,0.108093
223,1.858333,-0.023071,0.000152,-0.040074,-0.998930,-0.220685,1.234434,-0.425383,0.000270,-0.191892,1.234550,-0.418561,0.941210,-0.239533,1.234881,-0.445729,0.941140,-0.234805,1.233775,-0.400130,0.951164,-0.216512,1.234528,-0.437113,0.936253,-0.033475,-0.603362,-0.008162,-0.796723,-0.006757,1.227504,0.131676,0.000242,0.020212,1.229172,0.154294,0.942354,-0.027743,1.225278,0.147693,0.958935,0.007600,1.229663,0.116696,0.956120,-0.027095,1.225902,0.108023,0.980792,-0.010423,-0.709966,-0.031409,-0.703458,0.480275,0.636338,-0.034475,0.000343,0.462210,0.634990,-0.052676,0.911134,0.504549,0.637629,-0.052322,0.953544,0.491364,0.636855,-0.003603,0.912152,0.462976,0.635878,-0.029297,0.938814,0.462300,0.635170,-0.052383,0.504505,0.637563,-0.052153,0.491302,0.636948,-0.003936,0.462992,0.635670,-0.029426,-0.192091,1.234429,-0.418591,-0.239400,1.234730,-0.445607,-0.234692,1.233804,-0.400287,-0.216558,1.234770,-0.437049,0.020053,1.229150,0.154129,-0.027595,1.225305,0.147627,0.007565,1.229673,0.116867,-0.027049,1.225887,0.108082
224,1.866667,-0.023075,0.000141,-0.040121,-0.998928,-0.220688,1.234439,-0.425380,0.000275,-0.191894,1.234559,-0.418558,0.941210,-0.239536,1.234885,-0.445726,0.941140,-0.234807,1.233779,-0.400126,0.951164,-0.216515,1.234534,-0.437110,0.936253,-0.033495,-0.603297,-0.008180,-0.796771,-0.006757,1.227493,0.131685,0.000241,0.020209,1.229161,0.154307,0.942354,-0.027746,1.225266,0.147698,0.958935,0.007602,1.229653,0.116707,0.956120,-0.027091,1.225893,0.108028,0.980792,-0.010332,-0.709965,-0.031501,-0.703456,0.480277,0.636345,-0.034468,0.000341,0.462212,0.634992,-0.052670,0.911134,0.504551,0.637643,-0.052315,0.953544,0.491366,0.636864,-0.003597,0.912152,0.462978,0.635881,-0.029291,0.938814,0.462301,0.635169,-0.052375,0.504511,0.637578,-0.052145,0.491307,0.636956,-0.003930,0.462989,0.635677,-0.029422,-0.192097,1.234438,-0.418586,-0.239401,1.234735,-0.445611,-0.234685,1.233809,-0.400286,-0.216569,1.234775,-0.437036,0.020050,1.229141,0.154150,-0.027593,1.225292,0.147637,0.007557,1.229658,0.116871,-0.027040,1.225883,0.108082
225,1.875000,-0.023317,-0.000070,-0.040211,-0.998919,-0.220672,1.234439,-0.425376,0.000274,-0.191875,1.234560,-0.418566,0.937313,-0.239529,1.234890,-0.445713,0.943122,-0.234779,1.233764,-0.400116,0.948152,-0.216504,1.234540,-0.437108,0.935666,-0.033497,-0.603272,-0.008150,-0.796790,-0.006759,1.227495,0.131682,0.000248,0.020205,1.229162,0.154305,0.944403,-0.027749,1.225270,0.147694,0.956927,0.007601,1.229654,0.116704,0.956296,-0.027092,1.225895,0.108024,0.979794,-0.010329,-0.709884,-0.031497,-0.703538,0.480278,0.636349,-0.034476,0.000339,0.462217,0.634997,-0.052681,0.910079,0.504556,0.637647,-0.052317,0.954973,0.491359,0.636869,-0.003602,0.913231,0.462978,0.635885,-0.029302,0.940018,0.462321,0.635173,-0.052385,0.504511,0.637582,-0.052155,0.491302,0.636960,-0.003932,0.462976,0.635682,-0.029430,-0.192092,1.234437,-0.418585,-0.239403,1.234737,-0.445601,-0.234646,1.233794,-0.400272,-0.216544,1.234786,-0.437046,0.020048,1.229146,0.154149,-0.027594,1.225292,0.147621,0.007551,1.229653,0.116872,-0.027040,1.225889,0.108085
226,1.883333,-0.023176,0.000194,-0.040032,-0.998930,-0.220681,1.234451,-0.425382,0.000271,-0.191888,1.234564,-0.418557,0.939561,-0.239527,1.234904,-0.445729,0.940117,-0.234802,1.233788,-0.400130,0.951910,-0.216507,1.234547,-0.437112,0.934444,-0.033548,-0.603263,-0.008219,-0.796794,-0.006759,1.227501,0.131679,0.000238,0.020205,1.229165,0.154303,0.944398,-0.027749,1.225272,0.147690,0.959558,0.007601,1.229663,0.116702,0.956512,-0.027091,1.225904,0.108020,0.980933,-0.010418,-0.709866,-0.031695,-0.703546,0.480292,0.636341,-0.034473,0.000358,0.462233,0.634993,-0.052680,0.912196,0.504571,0.637649,-0.052313,0.951223,0.491373,0.636850,-0.003599,0.907991,0.462993,0.635872,-0.029301,0.938345,0.462312,0.635176,-0.052390,0.504522,0.637582,-0.052136,0.491295,0.636945,-0.003946,0.463040,0.635662,-0.029420,-0.192093,1.234439,-0.418588,-0.239388,1.234748,-0.445611,-0.234687,1.233818,-0.400280,-0.216556,1.234797,-0.437048,0.020052,1.229148,0.154142,-0.027606,1.225296,0.147618,0.007567,1.229667,0.116872,-0.027048,1.225894,0.108082
227,1.891667,-0.023091,0.000130,-0.040078,-0.998930,-0.220677,1.234452,-0.425373,0.000276,-0.191883,1.234568,-0.418551,0.939561,-0.239526,1.234899,-0.445718,0.940117,-0.234796,1.233792,-0.400119,0.951910,-0.216504,1.234547,-0.437103,0.934444,-0.033472,-0.603239,-0.008299,-0.796814,-0.006761,1.227504,0.131683,0.000232,0.020200,1.229175,0.154310,0.944398,-0.027752,1.225271,0.147693,0.959558,0.007599,1.229669,0.116708,0.956512,-0.027092,1.225902,0.108023,0.980933,-0.010249,-0.709995,-0.031545,-0.703425,0.480293,0.636341,-0.034464,0.000356,0.462227,0.634984,-0.052664,0.912196,0.504565,0.637642,-0.052313,0.951223,0.491384,0.636864,-0.003594,0.907991,0.462995,0.635874,-0.029286,0.938345,0.462306,0.635175,-0.052383,0.504509,0.637571,-0.052137,0.491308,0.636964,-0.003932,0.463048,0.635653,-0.029405,-0.192086,1.234440,-0.418584,-0.239381,1.234738,-0.445584,-0.234688,1.233823,-0.400275,-0.216554,1.234805,-0.437048,0.020056,1.229159,0.154159,-0.027612,1.225293,0.147621,0.007558,1.229669,0.116869,-0.027046,1.225895,0.108084
228,1.900000,-0.023313,-0.000015,-0.040125,-0.998923,-0.220677,1.234445,-0.425377,0.000279,-0.191881,1.234561,-0.418565,0.938628,-0.239532,1.234899,-0.445716,0.940969,-0.234788,1.233772,-0.400119,0.947375,-0.216508,1.234545,-0.437109,0.935694,-0.033485,-0.603336,-0.008232,-0.796741,-0.006757,1.227502,0.131680,0.000242,0.020210,1.229171,0.154299,0.944521,-0.027744,1.225272,0.147695,0.956445,0.007600,1.229664,0.116700,0.957282,-0.027094,1.225901,0.108025,0.981519,-0.010339,-0.709958,-0.031358,-0.703470,0.480272,0.636346,-0.034472,0.000348,0.462208,0.634994,-0.052674,0.910999,0.504547,0.637635,-0.052319,0.950886,0.491360,0.636869,-0.003601,0.911470,0.462973,0.635886,-0.029295,0.938622,0.462300,0.635171,-0.052380,0.504498,0.637570,-0.052140,0.491308,0.636961,-0.003939,0.462981,0.635682,-0.029431,-0.192092,1.234439,-0.418585,-0.239401,1.234746,-0.445593,-0.234660,1.233803,-0.400284,-0.216554,1.234791,-0.437048,0.020051,1.229156,0.154145,-0.027588,1.225293,0.147620,0.007563,1.229662,0.116867,-0.027055,1.225895,0.108087
229,1.908333,-0.023267,0.000025,-0.040197,-0.998921,-0.220675,1.234450,-0.425376,0.000273,-0.191880,1.234572,-0.418561,0.938628,-0.239528,1.234901,-0.445717,0.940969,-0.234788,1.233778,-0.400119,0.947375,-0.216505,1.234550,-0.437107,0.935694,-0.033499,-0.603294,-0.008420,-0.796770,-0.006758,1.227497,0.131677,0.000240,0.020206,1.229168,0.154300,0.944521,-0.027746,1.225257,0.147689,0.956445,0.007600,1.229667,0.116699,0.957282,-0.027091,1.225896,0.108019,0.981519,-0.010224,-0.710067,-0.031584,-0.703351,0.480292,0.636345,-0.034464,0.000341,0.462223,0.634987,-0.052661,0.910999,0.504561,0.637649,-0.052318,0.950886,0.491390,0.636869,-0.003596,0.911470,0.462996,0.635877,-0.029282,0.938622,0.462295,0.635175,-0.052381,0.504519,0.637580,-0.052150,0.491316,0.636967,-0.003927,0.463039,0.635659,-0.029400,-0.192085,1.234447,-0.418582,-0.239389,1.234745,-0.445600,-0.234663,1.233809,-0.400272,-0.216563,1.234800,-0.437048,0.020055,1.229159,0.154148,-0.027605,1.225273,0.147609,0.007563,1.229659,0.116854,-0.027044,1.225897,0.108095
230,1.916667,-0.023356,0.000055,-0.040180,-0.998919,-0.220671,1.234453,-0.425376,0.000276,-0.191876,1.234572,-0.418560,0.937838,-0.239523,1.234908,-0.445718,0.942523,-0.234785,1.233777,-0.400120,0.950327,-0.216500,1.234555,-0.437107,0.937162,-0.033504,-0.603297,-0.008210,-0.796770,-0.006759,1.227505,0.131685,0.000238,0.020207,1.229172,0.154308,0.946581,-0.027747,1.225276,0.147698,0.959360,0.007600,1.229666,0.116707,0.958827,-0.027093,1.225905,0.108028,0.979246,-0.010261,-0.709908,-0.031498,-0.703515,0.480273,0.636346,-0.034467,0.000339,0.462212,0.634990,-0.052672,0.910813,0.504550,0.637644,-0.052310,0.952174,0.491357,0.636869,-0.003594,0.912892,0.462974,0.635881,-0.029293,0.937788,0.462306,0.635171,-0.052379,0.504506,0.637578,-0.052136,0.491308,0.636964,-0.003926,0.462972,0.635671,-0.029427,-0.192093,1.234454,-0.418588,-0.239385,1.234760,-0.445608,-0.234657,1.233806,-0.400270,-0.216549,1.234792,-0.437039,0.020057,1.229163,0.154155,-0.027605,1.225292,0.147622,0.007561,1.229657,0.116867,-0.027047,1.225906,0.108098
231,1.925000,-0.023128,0.000160,-0.040146,-0.998926,-0.220683,1.234462,-0.425374,0.000268,-0.191890,1.234582,-0.418551,0.937838,-0.239531,1.234909,-0.445720,0.942523,-0.234803,1.233798,-0.400121,0.950327,-0.216510,1.234558,-0.437104,0.937162,-0.033393,-0.603333,-0.008114,-0.796748,-0.006752,1.227506,0.131683,0.000237,0.020215,1.229179,0.154303,0.946581,-0.027740,1.225282,0.147699,0.959360,0.007605,1.229662,0.116703,0.958827,-0.027089,1.225899,0.108029,0.979246,-0.010018,-0.710001,-0.031413,-0.703428,0.480273,0.636353,-0.034466,0.000340,0.462208,0.634984,-0.052666,0.910813,0.504546,0.637648,-0.052315,0.952174,0.491364,0.636894,-0.003596,0.912892,0.462976,0.635886,-0.029287,0.937788,0.462302,0.635169,-0.052372,0.504501,0.637581,-0.052141,0.491316,0.636990,-0.003928,0.462975,0.635672,-0.029422,-0.192088,1.234462,-0.418579,-0.239406,1.234758,-0.445592,-0.234693,1.233828,-0.400283,-0.216546,1.234800,-0.437044,0.020066,1.229167,0.154149,-0.027599,1.225301,0.147627,0.007564,1.229658,0.116863,-0.027039,1.225897,0.108095
232,1.933333,-0.023338,-0.000062,-0.040012,-0.998927,-0.220675,1.234458,-0.425373,0.000274,-0.191878,1.234568,-0.418563,0.937604,-0.239531,1.234918,-0.445710,0.942173,-0.234783,1.233787,-0.400113,0.949952,-0.216507,1.234558,-0.437105,0.937323,-0.033436,-0.603391,-0.008278,-0.796701,-0.006750,1.227501,0.131683,0.000232,0.020220,1.229174,0.154299,0.947638,-0.027735,1.225269,0.147701,0.959355,0.007604,1.229665,0.116702,0.958897,-0.027090,1.225897,0.108031,0.980845,-0.010168,-0.709946,-0.031357,-0.703484,0.480277,0.636352,-0.034466,0.000331,0.462214,0.634991,-0.052669,0.912231,0.504552,0.637643,-0.052312,0.952801,0.491363,0.636885,-0.003595,0.915680,0.462978,0.635890,-0.029290,0.936958,0.462306,0.635176,-0.052385,0.504505,0.637575,-0.052142,0.491318,0.636982,-0.003915,0.462978,0.635676,-0.029424,-0.192096,1.234448,-0.418584,-0.239397,1.234768,-0.445596,-0.234653,1.233817,-0.400263,-0.216553,1.234798,-0.437049,0.020073,1.229167,0.154150,-0.027593,1.225284,0.147623,0.007571,1.229655,0.116862,-0.027052,1.225899,0.108097
233,1.941667,-0.023486,0.000076,-0.040211,-0.998915,-0.220675,1.234462,-0.425370,0.000273,-0.191880,1.234581,-0.418552,0.937604,-0.239526,1.234921,-0.445712,0.942173,-0.234790,1.233778,-0.400114,0.949952,-0.216504,1.234567,-0.437100,0.937323,-0.033486,-0.603270,-0.008249,-0.796791,-0.006758,1.227504,0.131682,0.000234,0.020206,1.229173,0.154307,0.947638,-0.027748,1.225274,0.147694,0.959355,0.007602,1.229667,0.116705,0.958897,-0.027091,1.225903,0.108024,0.980845,-0.010083,-0.709899,-0.031429,-0.703529,0.480274,0.636351,-0.034463,0.000336,0.462214,0.634985,-0.052668,0.912231,0.504552,0.637646,-0.052305,0.952801,0.491356,0.636887,-0.003590,0.915680,0.462975,0.635884,-0.029289,0.936958,0.462301,0.635167,-0.052380,0.504509,0.637580,-0.052129,0.491309,0.636982,-0.003921,0.462977,0.635674,-0.029422,-0.192090,1.234460,-0.418570,-0.239388,1.234769,-0.445600,-0.234659,1.233808,-0.400266,-0.216563,1.234810,-0.437042,0.020059,1.229162,0.154160,-0.027602,1.225292,0.147621,0.007556,1.229661,0.116863,-0.027043,1.225902,0.108086
234,1.950000,-0.023320,0.000016,-0.040295,-0.998916,-0.220663,1.234455,-0.425365,0.000282,-0.191867,1.234582,-0.418550,0.937535,-0.239516,1.234904,-0.445705,0.937164,-0.234775,1.233778,-0.400108,0.951633,-0.216493,1.234558,-0.437096,0.934433,-0.033537,-0.603290,-0.008327,-0.796773,-0.006760,1.227502,0.131678,0.000234,0.020205,1.229169,0.154301,0.947848,-0.027749,1.225267,0.147690,0.960348,0.007599,1.229668,0.116700,0.960360,-0.027094,1.225904,0.108020,0.978587,-0.010212,-0.709909,-0.031501,-0.703514,0.480272,0.636350,-0.034465,0.000335,0.462210,0.634992,-0.052670,0.913451,0.504549,0.637649,-0.052308,0.951748,0.491355,0.636877,-0.003592,0.911711,0.462972,0.635884,-0.029291,0.939934,0.462293,0.635167,-0.052383,0.504513,0.637585,-0.052130,0.491306,0.636968,-0.003930,0.462976,0.635681,-0.029419,-0.192081,1.234457,-0.418584,-0.239364,1.234748,-0.445579,-0.234658,1.233808,-0.400259,-0.216547,1.234807,-0.437037,0.020058,1.229158,0.154153,-0.027611,1.225284,0.147614,0.007560,1.229663,0.116854,-0.027046,1.225903,0.108091
235,1.958333,-0.023546,0.000021,-0.040229,-0.998913,-0.220670,1.234463,-0.425374,0.000279,-0.191875,1.234583,-0.418560,0.937535,-0.239524,1.234923,-0.445714,0.937164,-0.234782,1.233776,-0.400117,0.951633,-0.216500,1.234570,-0.437105,0.934433,-0.033553,-0.603265,-0.008329,-0.796791,-0.006754,1.227504,0.131688,0.000240,0.020209,1.229169,0.154313,0.947848,-0.027744,1.225269,0.147699,0.960348,0.007606,1.229670,0.116712,0.960360,-0.027086,1.225907,0.108029,0.978587,-0.010097,-0.709962,-0.031503,-0.703463,0.480282,0.636354,-0.034466,0.000337,0.462218,0.634989,-0.052667,0.913451,0.504556,0.637653,-0.052312,0.951748,0.491369,0.636887,-0.003594,0.911711,0.462983,0.635885,-0.029289,0.939934,0.462310,0.635171,-0.052381,0.504513,0.637587,-0.052136,0.491321,0.636982,-0.003930,0.462982,0.635675,-0.029416,-0.192092,1.234457,-0.418585,-0.239385,1.234767,-0.445597,-0.234655,1.233807,-0.400270,-0.216550,1.234820,-0.437044,0.020057,1.229160,0.154163,-0.027594,1.225285,0.147624,0.007562,1.229661,0.116871,-0.027039,1.225908,0.108094
236,1.966667,-0.023263,0.000149,-0.040212,-0.998920,-0.220679,1.234465,-0.425375,0.000277,-0.191885,1.234587,-0.418553,0.939467,-0.239526,1.234915,-0.445721,0.939192,-0.234798,1.233793,-0.400122,0.950466,-0.216505,1.234565,-0.437105,0.935050,-0.033595,-0.603339,-0.008342,-0.796733,-0.006757,1.227507,0.131685,0.000245,0.020211,1.229170,0.154305,0.946285,-0.027744,1.225271,0.147699,0.958783,0.007600,1.229674,0.116706,0.957028,-0.027094,1.225912,0.108030,0.977989,-0.010066,-0.709933,-0.031562,-0.703490,0.480277,0.636354,-0.034469,0.000342,0.462215,0.634987,-0.052673,0.910946,0.504553,0.637657,-0.052314,0.952459,0.491362,0.636887,-0.003597,0.913922,0.462978,0.635883,-0.029294,0.937967,0.462308,0.635166,-0.052379,0.504504,0.637592,-0.052142,0.491310,0.636980,-0.003925,0.462986,0.635677,-0.029432,-0.192090,1.234464,-0.418586,-0.239389,1.234760,-0.445593,-0.234685,1.233823,-0.400282,-0.216550,1.234813,-0.437040,0.020063,1.229162,0.154149,-0.027601,1.225287,0.147618,0.007555,1.229664,0.116871,-0.027043,1.225915,0.108101
237,1.975000,-0.023326,-0.000006,-0.040236,-0.998918,-0.220672,1.234460,-0.425368,0.000278,-0.191877,1.234583,-0.418555,0.939467,-0.239527,1.234911,-0.445708,0.939192,-0.234783,1.233783,-0.400110,0.950466,-0.216503,1.234561,-0.437100,0.935050,-0.033491,-0.603352,-0.008368,-0.796728,-0.006754,1.227499,0.131686,0.000243,0.020214,1.229169,0.154305,0.946285,-0.027740,1.225262,0.147701,0.958783,0.007602,1.229667,0.116707,0.957028,-0.027091,1.225898,0.108031,0.977989,-0.010099,-0.709942,-0.031372,-0.703489,0.480277,0.636353,-0.034463,0.000340,0.462214,0.634989,-0.052665,0.910946,0.504552,0.637645,-0.052308,0.952459,0.491362,0.636890,-0.003591,0.913922,0.462978,0.635889,-0.029287,0.937967,0.462299,0.635166,-0.052379,0.504511,0.637581,-0.052125,0.491314,0.636982,-0.003932,0.462983,0.635685,-0.029414,-0.192095,1.234461,-0.418578,-0.239385,1.234760,-0.445596,-0.234652,1.233813,-0.400260,-0.216558,1.234803,-0.437038,0.020058,1.229164,0.154151,-0.027597,1.225274,0.147623,0.007565,1.229653,0.116862,-0.027041,1.225904,0.108108
238,1.983333,-0.023253,0.000291,-0.039993,-0.998929,-0.220683,1.234462,-0.425372,0.000274,-0.191891,1.234572,-0.418542,0.938891,-0.239525,1.234920,-0.445722,0.939513,-0.234809,1.233796,-0.400122,0.952367,-0.216506,1.234561,-0.437101,0.934914,-0.033591,-0.603283,-0.008421,-0.796775,-0.006754,1.227500,0.131684,0.000244,0.020210,1.229165,0.154308,0.944319,-0.027743,1.225260,0.147695,0.958755,0.007605,1.229671,0.116707,0.958100,-0.027087,1.225905,0.108025,0.978780,-0.009924,-0.710006,-0.031553,-0.703419,0.480279,0.636351,-0.034471,0.000335,0.462214,0.634977,-0.052671,0.911798,0.504551,0.637655,-0.052321,0.951451,0.491370,0.636893,-0.003601,0.912773,0.462981,0.635878,-0.029292,0.937115,0.462293,0.635158,-0.052378,0.504515,0.637589,-0.052141,0.491324,0.636987,-0.003934,0.462984,0.635668,-0.029431,-0.192098,1.234448,-0.418578,-0.239384,1.234766,-0.445601,-0.234697,1.233827,-0.400273,-0.216552,1.234808,-0.437034,0.020053,1.229157,0.154150,-0.027596,1.225275,0.147621,0.007565,1.229660,0.116870,-0.027038,1.225909,0.108094
239,1.991667,-0.023477,0.000036,-0.040270,-0.998913,-0.220670,1.234462,-0.425375,0.000272,-0.191874,1.234585,-0.418560,0.938891,-0.239522,1.234919,-0.445716,0.939513,-0.234782,1.233778,-0.400119,0.952367,-0.216499,1.234568,-0.437106,0.934914,-0.033617,-0.603288,-0.008388,-0.796770,-0.006757,1.227501,0.131684,0.000240,0.020207,1.229163,0.154307,0.944319,-0.027746,1.225263,0.147695,0.958755,0.007602,1.229670,0.116707,0.958100,-0.027091,1.225908,0.108025,0.978780,-0.010126,-0.709884,-0.031649,-0.703534,0.480279,0.636351,-0.034467,0.000327,0.462220,0.634988,-0.052673,0.911798,0.504557,0.637660,-0.052308,0.951451,0.491360,0.636878,-0.003593,0.912773,0.462980,0.635879,-0.029294,0.937115,0.462311,0.635175,-0.052389,0.504518,0.637592,-0.052141,0.491312,0.636976,-0.003918,0.462976,0.635663,-0.029421,-0.192087,1.234460,-0.418585,-0.239387,1.234762,-0.445607,-0.234655,1.233809,-0.400268,-0.216550,1.234819,-0.437041,0.020056,1.229153,0.154151,-0.027602,1.225280,0.147620,0.007563,1.229663,0.116870,-0.027045,1.225908,0.108093
240,2.000000,-0.023371,-0.000051,-0.040228,-0.998917,-0.220665,1.234455,-0.425373,0.000279,-0.191869,1.234577,-0.418562,0.937939,-0.239522,1.234908,-0.445711,0.941586,-0.234774,1.233777,-0.400114,0.950311,-0.216497,1.234558,-0.437105,0.933919,-0.033476,-0.603389,-0.008232,-0.796701,-0.006761,1.227506,0.131682,0.000236,0.020209,1.229176,0.154298,0.945578,-0.027746,1.225276,0.147700,0.959119,0.007594,1.229668,0.116700,0.957926,-0.027101,1.225904,0.108029,0.979548,-0.010016,-0.709890,-0.031647,-0.703530,0.480280,0.636357,-0.034469,0.000340,0.462220,0.634988,-0.052675,0.912049,0.504557,0.637666,-0.052311,0.953831,0.491361,0.636890,-0.003596,0.914426,0.462980,0.635882,-0.029296,0.937413,0.462320,0.635175,-0.052378,0.504516,0.637597,-0.052138,0.491312,0.636988,-0.003933,0.462970,0.635666,-0.029428,-0.192091,1.234453,-0.418582,-0.239386,1.234754,-0.445602,-0.234636,1.233808,-0.400267,-0.216548,1.234805,-0.437041,0.020066,1.229167,0.154145,-0.027609,1.225291,0.147622,0.007553,1.229659,0.116862,-0.027053,1.225906,0.108098
241,2.008333,-0.023265,0.000008,-0.040105,-0.998925,-0.220668,1.234455,-0.425365,0.000285,-0.191872,1.234572,-0.418551,0.937669,-0.239521,1.234909,-0.445705,0.940362,-0.234779,1.233786,-0.400107,0.946827,-0.216498,1.234555,-0.437096,0.936689,-0.033432,-0.603337,-0.008312,-0.796742,-0.006756,1.227499,0.131688,0.000233,0.020210,1.229172,0.154308,0.948334,-0.027743,1.225264,0.147703,0.959989,0.007600,1.229664,0.116708,0.960623,-0.027093,1.225894,0.108033,0.978844,-0.010025,-0.709981,-0.031588,-0.703441,0.480281,0.636352,-0.034471,0.000330,0.462217,0.634983,-0.052672,0.914035,0.504554,0.637657,-0.052319,0.950840,0.491370,0.636887,-0.003601,0.914402,0.462983,0.635879,-0.029294,0.937501,0.462295,0.635164,-0.052390,0.504514,0.637591,-0.052138,0.491329,0.636982,-0.003927,0.462986,0.635670,-0.029430,-0.192089,1.234451,-0.418570,-0.239382,1.234759,-0.445581,-0.234647,1.233816,-0.400271,-0.216551,1.234794,-0.437036,0.020064,1.229165,0.154162,-0.027603,1.225278,0.147626,0.007560,1.229653,0.116860,-0.027046,1.225898,0.108103
242,2.016667,-0.023378,-0.000074,-0.040163,-0.998920,-0.220672,1.234452,-0.425367,0.000271,-0.191875,1.234570,-0.418558,0.937669,-0.239529,1.234907,-0.445704,0.940362,-0.234780,1.233775,-0.400108,0.946827,-0.216504,1.234554,-0.437100,0.936689,-0.033512,-0.603253,-0.008354,-0.796802,-0.006760,1.227503,0.131678,0.000243,0.020202,1.229172,0.154303,0.948334,-0.027750,1.225267,0.147688,0.959989,0.007600,1.229670,0.116702,0.960623,-0.027091,1.225903,0.108018,0.978844,-0.010110,-0.709933,-0.031670,-0.703484,0.480278,0.636358,-0.034466,0.000329,0.462216,0.634995,-0.052669,0.914035,0.504553,0.637668,-0.052310,0.950840,0.491363,0.636886,-0.003593,0.914402,0.462979,0.635885,-0.029290,0.937501,0.462305,0.635175,-0.052379,0.504519,0.637602,-0.052142,0.491314,0.636980,-0.003922,0.462974,0.635676,-0.029420,-0.192082,1.234448,-0.418582,-0.239397,1.234755,-0.445596,-0.234653,1.233805,-0.400262,-0.216557,1.234798,-0.437031,0.020048,1.229163,0.154150,-0.027600,1.225283,0.147613,0.007555,1.229661,0.116863,-0.027042,1.225906,0.108084
243,2.025000,-0.023398,0.000033,-0.040360,-0.998911,-0.220672,1.234456,-0.425369,0.000266,-0.191877,1.234585,-0.418553,0.941153,-0.239525,1.234906,-0.445710,0.943699,-0.234785,1.233773,-0.400112,0.950276,-0.216502,1.234561,-0.437100,0.935315,-0.033439,-0.603317,-0.008326,-0.796756,-0.006762,1.227499,0.131687,0.000235,0.020204,1.229173,0.154308,0.947756,-0.027749,1.225265,0.147701,0.961150,0.007596,1.229665,0.116708,0.961502,-0.027097,1.225895,0.108031,0.977202,-0.010116,-0.709901,-0.031455,-0.703526,0.480274,0.636355,-0.034464,0.000333,0.462214,0.634992,-0.052669,0.912157,0.504552,0.637652,-0.052307,0.952249,0.491357,0.636889,-0.003591,0.914387,0.462975,0.635889,-0.029291,0.937644,0.462310,0.635176,-0.052386,0.504504,0.637585,-0.052135,0.491312,0.636985,-0.003917,0.462971,0.635676,-0.029420,-0.192078,1.234465,-0.418574,-0.239389,1.234756,-0.445611,-0.234655,1.233803,-0.400260,-0.216567,1.234801,-0.437030,0.020056,1.229165,0.154160,-0.027614,1.225279,0.147625,0.007556,1.229656,0.116857,-0.027045,1.225898,0.108105
244,2.033333,-0.023276,0.000051,-0.040220,-0.998920,-0.220672,1.234451,-0.425373,0.000277,-0.191877,1.234574,-0.418556,0.941153,-0.239524,1.234901,-0.445714,0.943699,-0.234786,1.233778,-0.400117,0.950276,-0.216501,1.234551,-0.437104,0.935315,-0.033393,-0.603390,-0.008137,-0.796705,-0.006759,1.227502,0.131685,0.000240,0.020211,1.229176,0.154300,0.947756,-0.027744,1.225277,0.147703,0.961150,0.007596,1.229660,0.116703,0.961502,-0.027099,1.225896,0.108033,0.977202,-0.010229,-0.709976,-0.031560,-0.703444,0.480273,0.636351,-0.034466,0.000329,0.462208,0.634993,-0.052667,0.912157,0.504546,0.637653,-0.052314,0.952249,0.491363,0.636874,-0.003596,0.914387,0.462975,0.635883,-0.029289,0.937644,0.462292,0.635179,-0.052384,0.504514,0.637585,-0.052140,0.491312,0.636972,-0.003931,0.462974,0.635667,-0.029411,-0.192090,1.234451,-0.418582,-0.239385,1.234748,-0.445602,-0.234658,1.233808,-0.400270,-0.216554,1.234796,-0.437037,0.020065,1.229161,0.154145,-0.027606,1.225298,0.147618,0.007561,1.229661,0.116866,-0.027055,1.225889,0.108110
245,2.041667,-0.023387,0.000091,-0.040173,-0.998919,-0.220665,1.234452,-0.425364,0.000295,-0.191871,1.234570,-0.418545,0.936341,-0.239516,1.234908,-0.445707,0.935573,-0.234781,1.233774,-0.400109,0.948882,-0.216494,1.234554,-0.437094,0.934834,-0.033430,-0.603403,-0.008207,-0.796693,-0.006760,1.227498,0.131681,0.000235,0.020211,1.229171,0.154296,0.946684,-0.027745,1.225270,0.147699,0.958195,0.007594,1.229659,0.116699,0.958975,-0.027101,1.225894,0.108029,0.980954,-0.010094,-0.709870,-0.031496,-0.703556,0.480290,0.636361,-0.034465,0.000334,0.462231,0.634996,-0.052671,0.909085,0.504569,0.637660,-0.052305,0.952833,0.491369,0.636894,-0.003590,0.914021,0.462990,0.635893,-0.029292,0.934659,0.462332,0.635190,-0.052380,0.504522,0.637589,-0.052136,0.491324,0.636995,-0.003916,0.462980,0.635668,-0.029426,-0.192092,1.234447,-0.418577,-0.239355,1.234754,-0.445576,-0.234657,1.233804,-0.400268,-0.216558,1.234800,-0.437034,0.020059,1.229159,0.154146,-0.027598,1.225289,0.147622,0.007561,1.229656,0.116859,-0.027063,1.225891,0.108095
246,2.050000,-0.023094,0.000111,-0.040083,-0.998929,-0.220684,1.234448,-0.425382,0.000267,-0.191890,1.234565,-0.418562,0.936341,-0.239533,1.234896,-0.445727,0.935573,-0.234801,1.233788,-0.400128,0.948882,-0.216511,1.234543,-0.437113,0.934834,-0.033577,-0.603267,-0.008211,-0.796790,-0.006760,1.227491,0.131686,0.000243,0.020203,1.229153,0.154311,0.946684,-0.027751,1.225262,0.147698,0.958195,0.007600,1.229652,0.116710,0.958975,-0.027093,1.225895,0.108028,0.980954,-0.010184,-0.709964,-0.031321,-0.703468,0.480283,0.636349,-0.034469,0.000340,0.462219,0.634989,-0.052671,0.909085,0.504558,0.637637,-0.052316,0.952833,0.491371,0.636882,-0.003598,0.914021,0.462984,0.635888,-0.029292,0.934659,0.462305,0.635167,-0.052376,0.504516,0.637572,-0.052147,0.491314,0.636975,-0.003927,0.462997,0.635681,-0.029427,-0.192102,1.234434,-0.418585,-0.239411,1.234733,-0.445609,-0.234680,1.233819,-0.400280,-0.216543,1.234804,-0.437055,0.020039,1.229138,0.154153,-0.027605,1.225282,0.147629,0.007568,1.229652,0.116864,-0.027043,1.225891,0.108101
247,2.058333,-0.022982,0.000111,-0.040090,-0.998932,-0.220683,1.234444,-0.425376,0.000277,-0.191889,1.234563,-0.418555,0.938062,-0.239532,1.234887,-0.445720,0.940165,-0.234801,1.233790,-0.400121,0.949668,-0.216510,1.234537,-0.437106,0.932235,-0.033586,-0.603244,-0.008153,-0.796808,-0.006762,1.227493,0.131680,0.000242,0.020200,1.229154,0.154306,0.945276,-0.027753,1.225268,0.147690,0.956163,0.007599,1.229653,0.116704,0.958304,-0.027094,1.225899,0.108020,0.980422,-0.010174,-0.710034,-0.031418,-0.703392,0.480280,0.636338,-0.034464,0.000333,0.462212,0.634977,-0.052662,0.911104,0.504551,0.637632,-0.052316,0.952148,0.491374,0.636869,-0.003595,0.911368,0.462982,0.635874,-0.029284,0.937418,0.462301,0.635162,-0.052372,0.504517,0.637565,-0.052140,0.491328,0.636966,-0.003933,0.462974,0.635659,-0.029412,-0.192099,1.234435,-0.418586,-0.239395,1.234728,-0.445606,-0.234678,1.233821,-0.400277,-0.216560,1.234793,-0.437034,0.020043,1.229137,0.154155,-0.027598,1.225291,0.147612,0.007560,1.229654,0.116866,-0.027054,1.225891,0.108087
248,2.066667,-0.023125,0.000202,-0.040096,-0.998928,-0.220681,1.234449,-0.425382,0.000269,-0.191888,1.234566,-0.418557,0.938062,-0.239527,1.234897,-0.445730,0.940165,-0.234803,1.233786,-0.400130,0.949668,-0.216507,1.234545,-0.437112,0.932235,-0.033519,-0.603290,-0.008169,-0.796775,-0.006759,1.227490,0.131682,0.000238,0.020205,1.229156,0.154305,0.945276,-0.027749,1.225263,0.147695,0.956163,0.007600,1.229650,0.116704,0.958304,-0.027094,1.225891,0.108025,0.980422,-0.010311,-0.709980,-0.031460,-0.703443,0.480282,0.636344,-0.034469,0.000333,0.462216,0.634991,-0.052669,0.911104,0.504555,0.637640,-0.052317,0.952148,0.491372,0.636866,-0.003598,0.911368,0.462983,0.635881,-0.029291,0.937418,0.462302,0.635160,-0.052378,0.504521,0.637578,-0.052149,0.491316,0.636954,-0.003929,0.462988,0.635686,-0.029419,-0.192092,1.234441,-0.418587,-0.239390,1.234742,-0.445617,-0.234686,1.233817,-0.400280,-0.216557,1.234794,-0.437044,0.020044,1.229133,0.154150,-0.027597,1.225291,0.147629,0.007565,1.229659,0.116864,-0.027051,1.225877,0.108086
249,2.075000,-0.023069,0.000154,-0.040053,-0.998931,-0.220678,1.234442,-0.425370,0.000283,-0.191884,1.234558,-0.418547,0.938924,-0.239525,1.234890,-0.445716,0.938120,-0.234798,1.233784,-0.400116,0.948720,-0.216504,1.234537,-0.437100,0.934013,-0.033436,-0.603292,-0.008222,-0.796777,-0.006760,1.227492,0.131682,0.000238,0.020205,1.229164,0.154304,0.945646,-0.027749,1.225263,0.147695,0.958622,0.007599,1.229653,0.116704,0.959362,-0.027094,1.225888,0.108025,0.979356,-0.010326,-0.709896,-0.031553,-0.703523,0.480274,0.636341,-0.034468,0.000334,0.462213,0.634988,-0.052673,0.912385,0.504552,0.637641,-0.052310,0.955365,0.491357,0.636859,-0.003594,0.913723,0.462975,0.635875,-0.029294,0.940562,0.462296,0.635160,-0.052379,0.504518,0.637579,-0.052146,0.491296,0.636948,-0.003922,0.462987,0.635676,-0.029424,-0.192092,1.234433,-0.418577,-0.239386,1.234734,-0.445585,-0.234681,1.233815,-0.400282,-0.216554,1.234788,-0.437034,0.020051,1.229148,0.154152,-0.027604,1.225284,0.147619,0.007564,1.229654,0.116863,-0.027051,1.225881,0.108095
250,2.083333,-0.023045,-0.000019,-0.040001,-0.998934,-0.220682,1.234441,-0.425369,0.000286,-0.191886,1.234555,-0.418556,0.938924,-0.239537,1.234890,-0.445708,0.938120,-0.234793,1.233786,-0.400110,0.948720,-0.216513,1.234535,-0.437100,0.934013,-0.033491,-0.603262,-0.008227,-0.796797,-0.006762,1.227494,0.131685,0.000241,0.020201,1.229162,0.154309,0.945646,-0.027752,1.225264,0.147696,0.958622,0.007598,1.229656,0.116708,0.959362,-0.027094,1.225893,0.108026,0.979356,-0.010243,-0.709918,-0.031398,-0.703510,0.480276,0.636349,-0.034466,0.000336,0.462214,0.634992,-0.052670,0.912385,0.504553,0.637641,-0.052309,0.955365,0.491361,0.636877,-0.003593,0.913723,0.462977,0.635887,-0.029291,0.940562,0.462310,0.635172,-0.052384,0.504507,0.637576,-0.052142,0.491306,0.636970,-0.003921,0.462982,0.635679,-0.029416,-0.192101,1.234432,-0.418584,-0.239391,1.234737,-0.445577,-0.234672,1.233816,-0.400272,-0.216566,1.234779,-0.437042,0.020045,1.229142,0.154154,-0.027606,1.225290,0.147620,0.007563,1.229663,0.116869,-0.027049,1.225881,0.108097
251,2.091667,-0.023373,-0.000001,-0.040241,-0.998917,-0.220675,1.234432,-0.425367,0.000284,-0.191879,1.234555,-0.418554,0.937459,-0.239529,1.234885,-0.445706,0.938529,-0.234786,1.233753,-0.400109,0.949034,-0.216505,1.234535,-0.437098,0.934760,-0.033528,-0.603373,-0.008242,-0.796712,-0.006753,1.227489,0.131683,0.000239,0.020217,1.229155,0.154301,0.945397,-0.027739,1.225258,0.147700,0.955702,0.007603,1.229652,0.116703,0.959062,-0.027092,1.225890,0.108030,0.981027,-0.010230,-0.710059,-0.031173,-0.703378,0.480278,0.636344,-0.034468,0.000342,0.462209,0.634985,-0.052664,0.913285,0.504548,0.637623,-0.052321,0.949942,0.491375,0.636878,-0.003599,0.912379,0.462981,0.635888,-0.029286,0.939153,0.462284,0.635155,-0.052371,0.504507,0.637561,-0.052135,0.491327,0.636967,-0.003935,0.462994,0.635691,-0.029429,-0.192095,1.234431,-0.418579,-0.239382,1.234730,-0.445584,-0.234659,1.233784,-0.400266,-0.216564,1.234782,-0.437039,0.020057,1.229136,0.154152,-0.027581,1.225284,0.147623,0.007569,1.229657,0.116863,-0.027056,1.225879,0.108096
252,2.100000,-0.023124,0.000208,-0.040113,-0.998928,-0.220674,1.234436,-0.425381,0.000283,-0.191881,1.234554,-0.418555,0.937459,-0.239519,1.234884,-0.445729,0.938529,-0.234796,1.233773,-0.400129,0.949034,-0.216499,1.234532,-0.437111,0.934760,-0.033576,-0.603278,-0.008162,-0.796782,-0.006758,1.227485,0.131679,0.000242,0.020207,1.229146,0.154303,0.945397,-0.027748,1.225259,0.147691,0.955702,0.007602,1.229645,0.116702,0.959062,-0.027092,1.225890,0.108021,0.981027,-0.010303,-0.709947,-0.031432,-0.703478,0.480279,0.636348,-0.034467,0.000338,0.462215,0.634994,-0.052669,0.913285,0.504554,0.637641,-0.052313,0.949942,0.491366,0.636871,-0.003595,0.912379,0.462980,0.635885,-0.029291,0.939153,0.462315,0.635169,-0.052388,0.504507,0.637577,-0.052146,0.491307,0.636961,-0.003928,0.462987,0.635683,-0.029406,-0.192098,1.234428,-0.418589,-0.239368,1.234726,-0.445593,-0.234684,1.233804,-0.400282,-0.216546,1.234784,-0.437061,0.020042,1.229123,0.154143,-0.027595,1.225287,0.147620,0.007574,1.229655,0.116866,-0.027052,1.225874,0.108088
253,2.108333,-0.023082,0.000093,-0.040034,-0.998932,-0.220683,1.234433,-0.425383,0.000277,-0.191889,1.234547,-0.418564,0.939465,-0.239533,1.234882,-0.445727,0.941823,-0.234800,1.233774,-0.400128,0.948807,-0.216511,1.234527,-0.437114,0.935349,-0.033579,-0.603290,-0.008153,-0.796773,-0.006766,1.227491,0.131684,0.000238,0.020199,1.229153,0.154306,0.942310,-0.027756,1.225266,0.147697,0.958951,0.007593,1.229651,0.116706,0.961009,-0.027101,1.225896,0.108027,0.979766,-0.010367,-0.709972,-0.031468,-0.703451,0.480278,0.636340,-0.034473,0.000346,0.462213,0.634989,-0.052674,0.910006,0.504552,0.637635,-0.052320,0.953314,0.491368,0.636858,-0.003602,0.913548,0.462980,0.635877,-0.029296,0.937918,0.462309,0.635169,-0.052378,0.504501,0.637569,-0.052153,0.491309,0.636951,-0.003930,0.462994,0.635670,-0.029431,-0.192096,1.234426,-0.418593,-0.239400,1.234730,-0.445611,-0.234677,1.233804,-0.400289,-0.216560,1.234770,-0.437039,0.020031,1.229131,0.154150,-0.027606,1.225292,0.147635,0.007565,1.229659,0.116859,-0.027055,1.225884,0.108092
254,2.116667,-0.022983,0.000058,-0.040149,-0.998929,-0.220685,1.234440,-0.425381,0.000276,-0.191890,1.234563,-0.418563,0.939465,-0.239536,1.234881,-0.445723,0.941823,-0.234800,1.233784,-0.400125,0.948807,-0.216514,1.234533,-0.437112,0.935349,-0.033522,-0.603322,-0.008128,-0.796751,-0.006769,1.227489,0.131687,0.000240,0.020198,1.229154,0.154308,0.942310,-0.027757,1.225264,0.147702,0.958951,0.007589,1.229647,0.116708,0.961009,-0.027106,1.225890,0.108032,0.979766,-0.010323,-0.709961,-0.031211,-0.703473,0.480273,0.636344,-0.034470,0.000345,0.462208,0.634991,-0.052671,0.910006,0.504548,0.637625,-0.052316,0.953314,0.491361,0.636872,-0.003598,0.913548,0.462974,0.635889,-0.029293,0.937918,0.462306,0.635173,-0.052377,0.504503,0.637558,-0.052143,0.491306,0.636967,-0.003938,0.462977,0.635679,-0.029420,-0.192098,1.234433,-0.418590,-0.239405,1.234720,-0.445607,-0.234676,1.233816,-0.400285,-0.216561,1.234793,-0.437040,0.020040,1.229133,0.154148,-0.027608,1.225290,0.147634,0.007552,1.229653,0.116875,-0.027061,1.225878,0.108092
255,2.125000,-0.023289,-0.000046,-0.040157,-0.998922,-0.220669,1.234428,-0.425378,0.000294,-0.191873,1.234547,-0.418567,0.938358,-0.239525,1.234881,-0.445716,0.940483,-0.234778,1.233756,-0.400119,0.948763,-0.216500,1.234528,-0.437110,0.931679,-0.033494,-0.603273,-0.008122,-0.796790,-0.006762,1.227492,0.131686,0.000232,0.020202,1.229158,0.154309,0.943666,-0.027752,1.225268,0.147698,0.958490,0.007598,1.229649,0.116708,0.957159,-0.027096,1.225892,0.108028,0.981027,-0.010369,-0.710005,-0.031252,-0.703426,0.480276,0.636343,-0.034467,0.000348,0.462209,0.634992,-0.052667,0.910296,0.504549,0.637626,-0.052317,0.952204,0.491369,0.636868,-0.003598,0.910660,0.462978,0.635888,-0.029288,0.938690,0.462299,0.635167,-0.052364,0.504509,0.637562,-0.052149,0.491304,0.636958,-0.003937,0.462993,0.635686,-0.029421,-0.192096,1.234423,-0.418595,-0.239365,1.234725,-0.445594,-0.234646,1.233787,-0.400276,-0.216570,1.234778,-0.437047,0.020045,1.229134,0.154154,-0.027604,1.225297,0.147635,0.007566,1.229662,0.116871,-0.027055,1.225874,0.108083
256,2.133333,-0.022867,0.000078,-0.040188,-0.998930,-0.220681,1.234431,-0.425380,0.000288,-0.191887,1.234558,-0.418561,0.939262,-0.239532,1.234866,-0.445724,0.936447,-0.234798,1.233780,-0.400125,0.949537,-0.216510,1.234522,-0.437111,0.934173,-0.033523,-0.603329,-0.008053,-0.796747,-0.006764,1.227486,0.131684,0.000235,0.020203,1.229150,0.154303,0.944429,-0.027752,1.225266,0.147699,0.958224,0.007594,1.229641,0.116704,0.958389,-0.027101,1.225888,0.108029,0.981794,-0.010543,-0.709940,-0.031366,-0.703484,0.480275,0.636338,-0.034465,0.000345,0.462211,0.634996,-0.052668,0.911504,0.504551,0.637625,-0.052311,0.954421,0.491363,0.636848,-0.003593,0.912817,0.462976,0.635882,-0.029289,0.942199,0.462314,0.635165,-0.052374,0.504501,0.637564,-0.052147,0.491300,0.636935,-0.003925,0.462986,0.635688,-0.029415,-0.192093,1.234434,-0.418597,-0.239379,1.234711,-0.445592,-0.234684,1.233810,-0.400289,-0.216570,1.234769,-0.437044,0.020045,1.229126,0.154149,-0.027601,1.225294,0.147634,0.007559,1.229653,0.116866,-0.027059,1.225872,0.108086
257,2.141667,-0.022924,0.000004,-0.040040,-0.998935,-0.220685,1.234423,-0.425377,0.000285,-0.191889,1.234540,-0.418563,0.939262,-0.239538,1.234865,-0.445718,0.936447,-0.234797,1.233772,-0.400119,0.949537,-0.216515,1.234513,-0.437108,0.934173,-0.033469,-0.603337,-0.008192,-0.796741,-0.006760,1.227486,0.131684,0.000238,0.020207,1.229156,0.154304,0.944429,-0.027748,1.225258,0.147700,0.958224,0.007597,1.229647,0.116705,0.958389,-0.027097,1.225884,0.108030,0.981794,-0.010504,-0.709959,-0.031452,-0.703462,0.480275,0.636337,-0.034477,0.000352,0.462210,0.634993,-0.052678,0.911504,0.504550,0.637630,-0.052323,0.954421,0.491364,0.636847,-0.003605,0.912817,0.462976,0.635877,-0.029299,0.942199,0.462310,0.635174,-0.052382,0.504498,0.637563,-0.052148,0.491308,0.636941,-0.003945,0.462984,0.635668,-0.029431,-0.192099,1.234412,-0.418599,-0.239390,1.234706,-0.445590,-0.234683,1.233803,-0.400280,-0.216569,1.234768,-0.437040,0.020049,1.229132,0.154149,-0.027598,1.225287,0.147629,0.007562,1.229658,0.116866,-0.027054,1.225868,0.108093
258,2.150000,-0.023075,0.000093,-0.040106,-0.998929,-0.220681,1.234428,-0.425375,0.000280,-0.191886,1.234547,-0.418556,0.940407,-0.239531,1.234874,-0.445719,0.937101,-0.234797,1.233768,-0.400120,0.950855,-0.216509,1.234523,-0.437106,0.935209,-0.033440,-0.603335,-0.008264,-0.796744,-0.006769,1.227484,0.131683,0.000236,0.020198,1.229157,0.154303,0.943807,-0.027756,1.225253,0.147698,0.958957,0.007588,1.229648,0.116704,0.957828,-0.027105,1.225881,0.108028,0.981252,-0.010458,-0.709958,-0.031421,-0.703465,0.480278,0.636344,-0.034473,0.000342,0.462213,0.634998,-0.052675,0.909219,0.504553,0.637635,-0.052320,0.954344,0.491367,0.636858,-0.003602,0.911287,0.462979,0.635884,-0.029296,0.938096,0.462303,0.635179,-0.052374,0.504517,0.637569,-0.052153,0.491305,0.636952,-0.003938,0.462988,0.635674,-0.029428,-0.192089,1.234424,-0.418588,-0.239381,1.234721,-0.445587,-0.234686,1.233798,-0.400279,-0.216568,1.234768,-0.437047,0.020041,1.229134,0.154144,-0.027609,1.225281,0.147630,0.007559,1.229659,0.116870,-0.027066,1.225864,0.108090
259,2.158333,-0.023012,0.000092,-0.040111,-0.998930,-0.220682,1.234436,-0.425380,0.000280,-0.191888,1.234556,-0.418560,0.940407,-0.239532,1.234879,-0.445724,0.937101,-0.234799,1.233779,-0.400125,0.950855,-0.216510,1.234529,-0.437110,0.935209,-0.033507,-0.603288,-0.008065,-0.796778,-0.006761,1.227490,0.131684,0.000250,0.020204,1.229155,0.154306,0.943807,-0.027751,1.225269,0.147697,0.958957,0.007598,1.229646,0.116705,0.957828,-0.027096,1.225891,0.108027,0.981252,-0.010441,-0.710016,-0.031401,-0.703407,0.480272,0.636341,-0.034471,0.000342,0.462205,0.634994,-0.052670,0.909219,0.504544,0.637631,-0.052321,0.954344,0.491366,0.636857,-0.003601,0.911287,0.462975,0.635882,-0.029291,0.938096,0.462288,0.635166,-0.052372,0.504504,0.637569,-0.052152,0.491306,0.636946,-0.003931,0.462991,0.635683,-0.029428,-0.192091,1.234437,-0.418593,-0.239387,1.234731,-0.445588,-0.234690,1.233809,-0.400285,-0.216561,1.234767,-0.437054,0.020038,1.229129,0.154142,-0.027600,1.225300,0.147623,0.007566,1.229660,0.116870,-0.027049,1.225873,0.108099
260,2.166667,-0.023063,0.000059,-0.040059,-0.998931,-0.220675,1.234440,-0.425382,0.000286,-0.191880,1.234557,-0.418564,0.937610,-0.239526,1.234888,-0.445724,0.938031,-0.234789,1.233783,-0.400125,0.949899,-0.216503,1.234535,-0.437113,0.936572,-0.033471,-0.603356,-0.008075,-0.796728,-0.006759,1.227498,0.131685,0.000241,0.020210,1.229165,0.154303,0.942411,-0.027745,1.225276,0.147702,0.957203,0.007598,1.229653,0.116705,0.957828,-0.027097,1.225896,0.108032,0.981082,-0.010552,-0.709900,-0.031319,-0.703526,0.480284,0.636348,-0.034473,0.000346,0.462222,0.635007,-0.052678,0.912396,0.504562,0.637632,-0.052315,0.952016,0.491368,0.636859,-0.003600,0.912286,0.462985,0.635893,-0.029299,0.940207,0.462315,0.635181,-0.052388,0.504511,0.637568,-0.052142,0.491311,0.636950,-0.003934,0.463000,0.635692,-0.029428,-0.192096,1.234436,-0.418595,-0.239378,1.234737,-0.445594,-0.234670,1.233812,-0.400283,-0.216555,1.234776,-0.437054,0.020045,1.229137,0.154145,-0.027590,1.225309,0.147639,0.007563,1.229670,0.116869,-0.027053,1.225875,0.108090
261,2.175000,-0.023084,0.000176,-0.040059,-0.998931,-0.220687,1.234430,-0.425386,0.000262,-0.191894,1.234546,-0.418562,0.937610,-0.239534,1.234879,-0.445733,0.938031,-0.234808,1.233771,-0.400133,0.949899,-0.216513,1.234525,-0.437116,0.936572,-0.033441,-0.603263,-0.008193,-0.796799,-0.006761,1.227482,0.131683,0.000234,0.020202,1.229153,0.154308,0.942411,-0.027751,1.225254,0.147695,0.957203,0.007599,1.229642,0.116706,0.957828,-0.027093,1.225878,0.108025,0.981082,-0.010239,-0.710021,-0.031318,-0.703409,0.480274,0.636339,-0.034471,0.000348,0.462206,0.634981,-0.052669,0.912396,0.504545,0.637627,-0.052322,0.952016,0.491367,0.636869,-0.003601,0.912286,0.462976,0.635879,-0.029291,0.940207,0.462300,0.635154,-0.052372,0.504498,0.637564,-0.052151,0.491307,0.636958,-0.003936,0.462989,0.635680,-0.029424,-0.192092,1.234426,-0.418591,-0.239400,1.234729,-0.445616,-0.234697,1.233801,-0.400279,-0.216559,1.234766,-0.437058,0.020043,1.229133,0.154149,-0.027604,1.225279,0.147634,0.007567,1.229648,0.116868,-0.027049,1.225867,0.108081
262,2.183333,-0.023067,0.000079,-0.040150,-0.998927,-0.220690,1.234435,-0.425385,0.000265,-0.191896,1.234556,-0.418566,0.942775,-0.239541,1.234879,-0.445728,0.942657,-0.234806,1.233774,-0.400129,0.950040,-0.216518,1.234530,-0.437115,0.935600,-0.033569,-0.603276,-0.008143,-0.796784,-0.006762,1.227490,0.131677,0.000247,0.020202,1.229152,0.154300,0.942083,-0.027753,1.225265,0.147689,0.957776,0.007597,1.229649,0.116699,0.961310,-0.027096,1.225895,0.108019,0.976652,-0.010559,-0.709915,-0.031278,-0.703514,0.480280,0.636340,-0.034468,0.000347,0.462217,0.635000,-0.052672,0.910305,0.504558,0.637623,-0.052312,0.952709,0.491365,0.636853,-0.003596,0.909849,0.462981,0.635887,-0.029294,0.939477,0.462315,0.635180,-0.052378,0.504514,0.637557,-0.052140,0.491306,0.636946,-0.003939,0.462987,0.635679,-0.029417,-0.192088,1.234435,-0.418591,-0.239415,1.234727,-0.445611,-0.234690,1.233804,-0.400289,-0.216568,1.234774,-0.437047,0.020033,1.229125,0.154145,-0.027601,1.225295,0.147621,0.007560,1.229662,0.116849,-0.027042,1.225877,0.108093
263,2.191667,-0.023036,0.000141,-0.040119,-0.998929,-0.220680,1.234436,-0.425380,0.000283,-0.191887,1.234556,-0.418558,0.942775,-0.239528,1.234880,-0.445726,0.942657,-0.234799,1.233778,-0.400126,0.950040,-0.216507,1.234530,-0.437110,0.935600,-0.033559,-0.603240,-0.008244,-0.796811,-0.006762,1.227493,0.131686,0.000242,0.020200,1.229157,0.154312,0.942083,-0.027754,1.225262,0.147696,0.957776,0.007598,1.229656,0.116710,0.961310,-0.027094,1.225896,0.108026,0.976652,-0.010461,-0.709988,-0.031415,-0.703435,0.480279,0.636348,-0.034463,0.000341,0.462213,0.635002,-0.052664,0.910305,0.504552,0.637639,-0.052312,0.952709,0.491370,0.636862,-0.003593,0.909849,0.462981,0.635889,-0.029285,0.939477,0.462304,0.635180,-0.052371,0.504509,0.637574,-0.052142,0.491313,0.636955,-0.003926,0.462990,0.635683,-0.029414,-0.192094,1.234432,-0.418587,-0.239386,1.234724,-0.445590,-0.234685,1.233808,-0.400290,-0.216556,1.234779,-0.437052,0.020034,1.229134,0.154162,-0.027594,1.225290,0.147618,0.007570,1.229666,0.116868,-0.027059,1.225881,0.108097
264,2.200000,-0.022995,0.000062,-0.040154,-0.998929,-0.220686,1.234435,-0.425376,0.000281,-0.191891,1.234558,-0.418558,0.940579,-0.239537,1.234876,-0.445719,0.937177,-0.234801,1.233778,-0.400120,0.948959,-0.216515,1.234529,-0.437107,0.933810,-0.033558,-0.603347,-0.008186,-0.796730,-0.006762,1.227500,0.131684,0.000238,0.020206,1.229164,0.154303,0.941874,-0.027750,1.225273,0.147700,0.960301,0.007594,1.229661,0.116705,0.957398,-0.027100,1.225904,0.108030,0.980688,-0.010487,-0.710025,-0.031339,-0.703401,0.480284,0.636350,-0.034466,0.000341,0.462215,0.635005,-0.052665,0.911319,0.504555,0.637636,-0.052317,0.952994,0.491378,0.636864,-0.003597,0.910848,0.462986,0.635893,-0.029286,0.940316,0.462312,0.635181,-0.052372,0.504515,0.637572,-0.052145,0.491323,0.636956,-0.003937,0.462986,0.635689,-0.029410,-0.192091,1.234433,-0.418586,-0.239392,1.234719,-0.445586,-0.234686,1.233809,-0.400286,-0.216574,1.234779,-0.437047,0.020045,1.229140,0.154137,-0.027606,1.225301,0.147638,0.007567,1.229674,0.116872,-0.027056,1.225887,0.108091
265,2.208333,-0.022970,0.000123,-0.040134,-0.998930,-0.220684,1.234435,-0.425376,0.000274,-0.191890,1.234557,-0.418555,0.940579,-0.239532,1.234876,-0.445721,0.937177,-0.234802,1.233780,-0.400122,0.948959,-0.216511,1.234528,-0.437107,0.933810,-0.033529,-0.603342,-0.008058,-0.796737,-0.006766,1.227493,0.131681,0.000255,0.020202,1.229157,0.154300,0.941874,-0.027754,1.225273,0.147697,0.960301,0.007591,1.229649,0.116701,0.957398,-0.027104,1.225896,0.108027,0.980688,-0.010392,-0.709935,-0.031411,-0.703490,0.480280,0.636343,-0.034469,0.000348,0.462216,0.634993,-0.052672,0.911319,0.504556,0.637635,-0.052313,0.952994,0.491366,0.636861,-0.003596,0.910848,0.462981,0.635883,-0.029293,0.940316,0.462315,0.635176,-0.052383,0.504495,0.637567,-0.052139,0.491314,0.636956,-0.003923,0.462995,0.635673,-0.029429,-0.192094,1.234434,-0.418585,-0.239398,1.234723,-0.445606,-0.234682,1.233810,-0.400281,-0.216561,1.234773,-0.437033,0.020033,1.229137,0.154147,-0.027588,1.225298,0.147615,0.007549,1.229652,0.116861,-0.027058,1.225886,0.108102
266,2.216667,-0.023127,0.000196,-0.040084,-0.998929,-0.220681,1.234440,-0.425377,0.000270,-0.191888,1.234557,-0.418552,0.939806,-0.239527,1.234890,-0.445725,0.940050,-0.234803,1.233778,-0.400125,0.952682,-0.216507,1.234536,-0.437107,0.935041,-0.033437,-0.603276,-0.008330,-0.796788,-0.006768,1.227491,0.131688,0.000240,0.020195,1.229165,0.154312,0.944496,-0.027757,1.225256,0.147700,0.958114,0.007591,1.229657,0.116711,0.957511,-0.027101,1.225887,0.108030,0.981225,-0.010534,-0.709942,-0.031480,-0.703477,0.480275,0.636341,-0.034468,0.000342,0.462211,0.634998,-0.052670,0.910543,0.504551,0.637635,-0.052313,0.952501,0.491363,0.636849,-0.003596,0.910621,0.462976,0.635881,-0.029291,0.938817,0.462307,0.635180,-0.052378,0.504509,0.637569,-0.052140,0.491308,0.636943,-0.003936,0.462977,0.635670,-0.029417,-0.192092,1.234433,-0.418586,-0.239387,1.234735,-0.445606,-0.234690,1.233808,-0.400274,-0.216555,1.234784,-0.437044,0.020039,1.229147,0.154156,-0.027607,1.225281,0.147630,0.007553,1.229661,0.116877,-0.027057,1.225878,0.108090
267,2.225000,-0.023060,0.000140,-0.040028,-0.998932,-0.220687,1.234444,-0.425382,0.000266,-0.191893,1.234558,-0.418560,0.939806,-0.239535,1.234893,-0.445728,0.940050,-0.234805,1.233787,-0.400128,0.952682,-0.216513,1.234538,-0.437112,0.935041,-0.033557,-0.603368,-0.008214,-0.796714,-0.006765,1.227491,0.131685,0.000237,0.020205,1.229155,0.154302,0.944496,-0.027751,1.225262,0.147701,0.958114,0.007591,1.229653,0.116704,0.957511,-0.027104,1.225895,0.108032,0.981225,-0.010194,-0.710052,-0.031490,-0.703371,0.480289,0.636341,-0.034466,0.000360,0.462221,0.634981,-0.052663,0.910543,0.504559,0.637639,-0.052318,0.952501,0.491385,0.636869,-0.003597,0.910621,0.462992,0.635874,-0.029284,0.938817,0.462313,0.635171,-0.052373,0.504498,0.637569,-0.052149,0.491309,0.636967,-0.003932,0.463038,0.635656,-0.029408,-0.192098,1.234431,-0.418586,-0.239407,1.234734,-0.445611,-0.234688,1.233818,-0.400280,-0.216554,1.234793,-0.437053,0.020058,1.229133,0.154145,-0.027611,1.225290,0.147626,0.007553,1.229663,0.116872,-0.027058,1.225879,0.108097
268,2.233333,-0.023215,-0.000009,-0.040171,-0.998923,-0.220671,1.234444,-0.425368,0.000283,-0.191875,1.234564,-0.418554,0.937054,-0.239525,1.234893,-0.445707,0.938941,-0.234782,1.233775,-0.400110,0.949442,-0.216502,1.234542,-0.437099,0.936619,-0.033554,-0.603350,-0.008375,-0.796726,-0.006764,1.227499,0.131691,0.000237,0.020203,1.229166,0.154310,0.945134,-0.027751,1.225262,0.147706,0.958154,0.007592,1.229668,0.116712,0.959015,-0.027102,1.225902,0.108036,0.980884,-0.010245,-0.709965,-0.031350,-0.703465,0.480276,0.636347,-0.034467,0.000339,0.462211,0.634990,-0.052668,0.912328,0.504550,0.637637,-0.052314,0.951822,0.491364,0.636876,-0.003595,0.911146,0.462977,0.635886,-0.029290,0.939479,0.462298,0.635168,-0.052378,0.504512,0.637572,-0.052136,0.491312,0.636968,-0.003935,0.462981,0.635681,-0.029418,-0.192095,1.234443,-0.418578,-0.239380,1.234742,-0.445582,-0.234655,1.233805,-0.400264,-0.216555,1.234784,-0.437046,0.020046,1.229149,0.154158,-0.027601,1.225284,0.147636,0.007557,1.229669,0.116872,-0.027059,1.225894,0.108100
269,2.241667,-0.023406,0.000018,-0.040260,-0.998915,-0.220675,1.234444,-0.425366,0.000286,-0.191880,1.234568,-0.418552,0.937054,-0.239529,1.234898,-0.445706,0.938941,-0.234788,1.233763,-0.400109,0.949442,-0.216505,1.234548,-0.437097,0.936619,-0.033550,-0.603293,-0.008270,-0.796771,-0.006761,1.227501,0.131679,0.000239,0.020204,1.229166,0.154302,0.945134,-0.027750,1.225269,0.147692,0.958154,0.007598,1.229665,0.116701,0.959015,-0.027095,1.225904,0.108022,0.980884,-0.010366,-0.709900,-0.031472,-0.703523,0.480277,0.636353,-0.034463,0.000348,0.462215,0.635002,-0.052668,0.912328,0.504554,0.637648,-0.052306,0.951822,0.491360,0.636871,-0.003590,0.911146,0.462977,0.635890,-0.029289,0.939479,0.462324,0.635180,-0.052378,0.504497,0.637582,-0.052131,0.491310,0.636963,-0.003927,0.462975,0.635685,-0.029418,-0.192097,1.234442,-0.418580,-0.239379,1.234742,-0.445576,-0.234666,1.233794,-0.400266,-0.216560,1.234798,-0.437042,0.020048,1.229151,0.154148,-0.027603,1.225290,0.147623,0.007557,1.229663,0.116861,-0.027046,1.225899,0.108085
270,2.250000,-0.023347,0.000010,-0.040218,-0.998918,-0.220672,1.234448,-0.425372,0.000274,-0.191877,1.234569,-0.418558,0.938217,-0.239526,1.234900,-0.445712,0.942756,-0.234784,1.233771,-0.400115,0.950362,-0.216502,1.234550,-0.437103,0.935832,-0.033460,-0.603331,-0.008140,-0.796747,-0.006761,1.227498,0.131683,0.000242,0.020206,1.229167,0.154303,0.943753,-0.027749,1.225273,0.147698,0.958975,0.007596,1.229656,0.116703,0.957572,-0.027098,1.225895,0.108028,0.979614,-0.010446,-0.709922,-0.031466,-0.703499,0.480280,0.636355,-0.034476,0.000351,0.462217,0.635008,-0.052680,0.911242,0.504556,0.637649,-0.052320,0.951462,0.491365,0.636868,-0.003604,0.909404,0.462981,0.635894,-0.029301,0.940516,0.462314,0.635185,-0.052388,0.504508,0.637584,-0.052144,0.491306,0.636960,-0.003949,0.462990,0.635690,-0.029424,-0.192090,1.234449,-0.418586,-0.239389,1.234750,-0.445607,-0.234656,1.233801,-0.400263,-0.216554,1.234791,-0.437032,0.020049,1.229149,0.154142,-0.027603,1.225296,0.147627,0.007561,1.229659,0.116869,-0.027051,1.225886,0.108094
271,2.258333,-0.023358,-0.000093,-0.040157,-0.998920,-0.220669,1.234447,-0.425368,0.000285,-0.191871,1.234565,-0.418560,0.937549,-0.239527,1.234902,-0.445704,0.938012,-0.234775,1.233771,-0.400108,0.949027,-0.216501,1.234548,-0.437100,0.936247,-0.033512,-0.603380,-0.008383,-0.796705,-0.006764,1.227492,0.131679,0.000238,0.020205,1.229161,0.154297,0.943929,-0.027750,1.225254,0.147696,0.961321,0.007591,1.229661,0.116699,0.959523,-0.027103,1.225892,0.108026,0.978331,-0.010504,-0.709935,-0.031470,-0.703485,0.480277,0.636354,-0.034469,0.000344,0.462213,0.635010,-0.052672,0.909685,0.504552,0.637648,-0.052314,0.952145,0.491363,0.636864,-0.003597,0.909077,0.462978,0.635894,-0.029293,0.938690,0.462311,0.635193,-0.052376,0.504514,0.637582,-0.052138,0.491310,0.636959,-0.003944,0.462972,0.635683,-0.029418,-0.192088,1.234443,-0.418586,-0.239382,1.234749,-0.445572,-0.234653,1.233801,-0.400268,-0.216551,1.234793,-0.437046,0.020049,1.229145,0.154136,-0.027613,1.225275,0.147627,0.007560,1.229663,0.116858,-0.027054,1.225884,0.108097
272,2.266667,-0.023570,-0.000064,-0.040220,-0.998913,-0.220674,1.234451,-0.425368,0.000279,-0.191877,1.234570,-0.418558,0.937549,-0.239531,1.234912,-0.445705,0.938012,-0.234781,1.233763,-0.400108,0.949027,-0.216506,1.234558,-0.437100,0.936247,-0.033498,-0.603285,-0.008311,-0.796778,-0.006763,1.227496,0.131681,0.000239,0.020201,1.229165,0.154304,0.943929,-0.027752,1.225262,0.147693,0.961321,0.007596,1.229661,0.116704,0.959523,-0.027097,1.225895,0.108023,0.978331,-0.010588,-0.709825,-0.031630,-0.703588,0.480277,0.636347,-0.034460,0.000342,0.462219,0.635008,-0.052669,0.909685,0.504558,0.637650,-0.052297,0.952145,0.491354,0.636847,-0.003584,0.909077,0.462977,0.635883,-0.029289,0.938690,0.462315,0.635184,-0.052376,0.504506,0.637585,-0.052131,0.491298,0.636939,-0.003907,0.462989,0.635681,-0.029424,-0.192096,1.234441,-0.418578,-0.239396,1.234752,-0.445593,-0.234645,1.233795,-0.400265,-0.216558,1.234815,-0.437035,0.020047,1.229152,0.154150,-0.027608,1.225282,0.147615,0.007561,1.229659,0.116864,-0.027053,1.225891,0.108095
273,2.275000,-0.023412,-0.000044,-0.040195,-0.998918,-0.220672,1.234454,-0.425366,0.000269,-0.191875,1.234573,-0.418555,0.939375,-0.239528,1.234910,-0.445703,0.941525,-0.234780,1.233775,-0.400107,0.950525,-0.216503,1.234557,-0.437097,0.935122,-0.033446,-0.603348,-0.008121,-0.796735,-0.006759,1.227499,0.131690,0.000241,0.020209,1.229169,0.154309,0.946553,-0.027746,1.225275,0.147706,0.957937,0.007598,1.229657,0.116710,0.958351,-0.027097,1.225896,0.108036,0.979293,-0.010257,-0.709975,-0.031254,-0.703458,0.480284,0.636354,-0.034469,0.000333,0.462219,0.634998,-0.052670,0.913510,0.504558,0.637638,-0.052317,0.951325,0.491374,0.636885,-0.003598,0.913300,0.462986,0.635897,-0.029291,0.937503,0.462303,0.635183,-0.052390,0.504515,0.637570,-0.052139,0.491326,0.636982,-0.003928,0.462992,0.635682,-0.029419,-0.192083,1.234450,-0.418573,-0.239393,1.234756,-0.445591,-0.234654,1.233805,-0.400256,-0.216557,1.234805,-0.437042,0.020058,1.229158,0.154158,-0.027598,1.225294,0.147628,0.007555,1.229651,0.116871,-0.027051,1.225895,0.108105
274,2.283333,-0.023365,-0.000071,-0.040211,-0.998918,-0.220672,1.234456,-0.425371,0.000269,-0.191876,1.234577,-0.418562,0.939375,-0.239529,1.234909,-0.445708,0.941525,-0.234780,1.233778,-0.400112,0.950525,-0.216504,1.234558,-0.437103,0.935122,-0.033471,-0.603271,-0.008170,-0.796791,-0.006766,1.227496,0.131689,0.000238,0.020198,1.229164,0.154312,0.946553,-0.027756,1.225269,0.147700,0.957937,0.007594,1.229655,0.116711,0.958351,-0.027099,1.225894,0.108030,0.979293,-0.010193,-0.709959,-0.031290,-0.703473,0.480284,0.636352,-0.034476,0.000343,0.462220,0.634993,-0.052678,0.913510,0.504559,0.637639,-0.052323,0.951325,0.491372,0.636886,-0.003605,0.913300,0.462985,0.635892,-0.029300,0.937503,0.462320,0.635168,-0.052394,0.504501,0.637574,-0.052143,0.491328,0.636977,-0.003935,0.462988,0.635690,-0.029432,-0.192088,1.234452,-0.418586,-0.239401,1.234754,-0.445592,-0.234658,1.233809,-0.400261,-0.216542,1.234807,-0.437047,0.020042,1.229148,0.154163,-0.027606,1.225291,0.147629,0.007554,1.229656,0.116868,-0.027054,1.225887,0.108095
275,2.291667,-0.023389,-0.000019,-0.040239,-0.998916,-0.220672,1.234449,-0.425369,0.000269,-0.191876,1.234571,-0.418557,0.939506,-0.239527,1.234902,-0.445708,0.943354,-0.234783,1.233769,-0.400111,0.950671,-0.216503,1.234552,-0.437101,0.935593,-0.033513,-0.603397,-0.008324,-0.796693,-0.006762,1.227496,0.131683,0.000241,0.020208,1.229165,0.154299,0.945350,-0.027747,1.225261,0.147701,0.960086,0.007593,1.229663,0.116702,0.959984,-0.027102,1.225897,0.108031,0.977421,-0.010240,-0.710004,-0.031386,-0.703424,0.480275,0.636349,-0.034471,0.000344,0.462209,0.634992,-0.052670,0.913419,0.504548,0.637641,-0.052321,0.950436,0.491367,0.636877,-0.003601,0.911083,0.462977,0.635887,-0.029292,0.940281,0.462298,0.635167,-0.052385,0.504500,0.637576,-0.052139,0.491315,0.636968,-0.003941,0.462987,0.635684,-0.029419,-0.192084,1.234449,-0.418584,-0.239396,1.234751,-0.445602,-0.234658,1.233799,-0.400261,-0.216552,1.234794,-0.437029,0.020054,1.229152,0.154145,-0.027606,1.225280,0.147628,0.007552,1.229659,0.116857,-0.027048,1.225894,0.108103
276,2.300000,-0.023140,0.000167,-0.039999,-0.998932,-0.220675,1.234460,-0.425369,0.000286,-0.191881,1.234571,-0.418545,0.939506,-0.239522,1.234912,-0.445715,0.943354,-0.234795,1.233799,-0.400116,0.950671,-0.216501,1.234555,-0.437099,0.935593,-0.033532,-0.603348,-0.008148,-0.796731,-0.006761,1.227495,0.131687,0.000233,0.020207,1.229159,0.154305,0.945350,-0.027748,1.225269,0.147703,0.960086,0.007596,1.229654,0.116707,0.959984,-0.027099,1.225897,0.108033,0.977421,-0.010197,-0.709919,-0.031309,-0.703513,0.480283,0.636345,-0.034472,0.000335,0.462221,0.634985,-0.052675,0.913419,0.504560,0.637632,-0.052315,0.950436,0.491367,0.636877,-0.003599,0.911083,0.462983,0.635884,-0.029297,0.940281,0.462310,0.635166,-0.052391,0.504518,0.637566,-0.052133,0.491326,0.636972,-0.003936,0.462976,0.635675,-0.029426,-0.192087,1.234452,-0.418578,-0.239369,1.234763,-0.445573,-0.234686,1.233829,-0.400279,-0.216558,1.234795,-0.437045,0.020048,1.229144,0.154154,-0.027605,1.225289,0.147641,0.007562,1.229653,0.116854,-0.027050,1.225893,0.108097
277,2.308333,-0.023364,0.000007,-0.040127,-0.998921,-0.220664,1.234459,-0.425363,0.000280,-0.191868,1.234576,-0.418549,0.936685,-0.239518,1.234916,-0.445703,0.937019,-0.234776,1.233784,-0.400105,0.950777,-0.216494,1.234561,-0.437094,0.932977,-0.033493,-0.603369,-0.008375,-0.796715,-0.006764,1.227497,0.131687,0.000237,0.020205,1.229167,0.154305,0.947222,-0.027749,1.225259,0.147703,0.961484,0.007592,1.229665,0.116707,0.958048,-0.027102,1.225895,0.108033,0.978161,-0.009981,-0.709976,-0.031636,-0.703444,0.480278,0.636352,-0.034461,0.000333,0.462214,0.634982,-0.052662,0.910979,0.504551,0.637661,-0.052309,0.953544,0.491367,0.636889,-0.003590,0.914803,0.462980,0.635878,-0.029284,0.936342,0.462303,0.635168,-0.052372,0.504509,0.637593,-0.052141,0.491316,0.636986,-0.003913,0.462984,0.635662,-0.029419,-0.192084,1.234446,-0.418576,-0.239375,1.234754,-0.445573,-0.234657,1.233816,-0.400259,-0.216540,1.234820,-0.437043,0.020063,1.229161,0.154149,-0.027616,1.225273,0.147626,0.007551,1.229653,0.116869,-0.027051,1.225900,0.108104
278,2.316667,-0.023332,0.000002,-0.040117,-0.998923,-0.220676,1.234460,-0.425367,0.000275,-0.191880,1.234576,-0.418553,0.936685,-0.239530,1.234916,-0.445706,0.937019,-0.234787,1.233787,-0.400109,0.950777,-0.216506,1.234561,-0.437098,0.932977,-0.033497,-0.603334,-0.008245,-0.796742,-0.006761,1.227500,0.131691,0.000239,0.020206,1.229168,0.154311,0.947222,-0.027748,1.225269,0.147706,0.961484,0.007596,1.229662,0.116712,0.958048,-0.027097,1.225899,0.108036,0.978161,-0.010037,-0.709978,-0.031513,-0.703447,0.480277,0.636353,-0.034462,0.000336,0.462212,0.634986,-0.052663,0.910979,0.504550,0.637654,-0.052310,0.953544,0.491366,0.636890,-0.003592,0.914803,0.462978,0.635884,-0.029285,0.936342,0.462301,0.635165,-0.052371,0.504516,0.637589,-0.052131,0.491320,0.636984,-0.003932,0.462969,0.635676,-0.029415,-0.192095,1.234451,-0.418575,-0.239392,1.234759,-0.445586,-0.234661,1.233818,-0.400261,-0.216555,1.234813,-0.437045,0.020060,1.229160,0.154154,-0.027609,1.225284,0.147629,0.007557,1.229653,0.116878,-0.027050,1.225901,0.108104
279,2.325000,-0.023412,0.000018,-0.040163,-0.998919,-0.220668,1.234456,-0.425363,0.000290,-0.191872,1.234573,-0.418548,0.937335,-0.239521,1.234913,-0.445703,0.935897,-0.234780,1.233777,-0.400106,0.948093,-0.216498,1.234559,-0.437094,0.932899,-0.033410,-0.603227,-0.008247,-0.796827,-0.006763,1.227491,0.131687,0.000245,0.020198,1.229166,0.154314,0.945327,-0.027754,1.225261,0.147697,0.958259,0.007599,1.229653,0.116712,0.960398,-0.027093,1.225886,0.108027,0.976823,-0.009943,-0.709967,-0.031598,-0.703456,0.480281,0.636350,-0.034470,0.000326,0.462217,0.634977,-0.052671,0.914932,0.504554,0.637657,-0.052317,0.950512,0.491368,0.636889,-0.003599,0.915045,0.462982,0.635875,-0.029293,0.937685,0.462296,0.635157,-0.052394,0.504513,0.637591,-0.052135,0.491332,0.636984,-0.003923,0.462981,0.635666,-0.029429,-0.192086,1.234446,-0.418576,-0.239372,1.234754,-0.445569,-0.234658,1.233809,-0.400271,-0.216556,1.234814,-0.437035,0.020040,1.229156,0.154163,-0.027606,1.225277,0.147620,0.007555,1.229644,0.116864,-0.027039,1.225889,0.108102
280,2.333333,-0.023363,0.000023,-0.040251,-0.998916,-0.220671,1.234453,-0.425366,0.000272,-0.191875,1.234576,-0.418551,0.937335,-0.239524,1.234905,-0.445707,0.935897,-0.234783,1.233774,-0.400109,0.948093,-0.216500,1.234555,-0.437097,0.932899,-0.033488,-0.603303,-0.008303,-0.796765,-0.006761,1.227494,0.131682,0.000240,0.020204,1.229164,0.154305,0.945327,-0.027750,1.225260,0.147695,0.958259,0.007597,1.229659,0.116704,0.960398,-0.027096,1.225893,0.108026,0.976823,-0.009933,-0.709953,-0.031527,-0.703473,0.480284,0.636349,-0.034468,0.000332,0.462222,0.634976,-0.052670,0.914932,0.504559,0.637652,-0.052313,0.950512,0.491371,0.636891,-0.003596,0.915045,0.462986,0.635877,-0.029291,0.937685,0.462302,0.635155,-0.052385,0.504510,0.637586,-0.052132,0.491335,0.636985,-0.003914,0.462990,0.635669,-0.029440,-0.192084,1.234456,-0.418577,-0.239390,1.234755,-0.445597,-0.234657,1.233804,-0.400262,-0.216551,1.234796,-0.437028,0.020048,1.229153,0.154150,-0.027606,1.225277,0.147619,0.007564,1.229653,0.116862,-0.027051,1.225893,0.108098
281,2.341667,-0.023371,0.000060,-0.040256,-0.998916,-0.220657,1.234458,-0.425365,0.000289,-0.191862,1.234582,-0.418548,0.936372,-0.239509,1.234911,-0.445706,0.937664,-0.234772,1.233779,-0.400109,0.949253,-0.216486,1.234561,-0.437096,0.935528,-0.033412,-0.603337,-0.008239,-0.796744,-0.006762,1.227494,0.131690,0.000236,0.020205,1.229168,0.154309,0.948438,-0.027749,1.225264,0.147705,0.959451,0.007595,1.229656,0.116710,0.958941,-0.027099,1.225889,0.108035,0.979397,-0.010001,-0.709932,-0.031485,-0.703495,0.480280,0.636346,-0.034473,0.000346,0.462218,0.634977,-0.052676,0.911044,0.504556,0.637646,-0.052318,0.950923,0.491365,0.636885,-0.003601,0.910189,0.462981,0.635877,-0.029298,0.938811,0.462311,0.635157,-0.052384,0.504511,0.637580,-0.052138,0.491312,0.636979,-0.003944,0.462984,0.635669,-0.029427,-0.192084,1.234459,-0.418578,-0.239359,1.234758,-0.445579,-0.234648,1.233810,-0.400266,-0.216540,1.234806,-0.437034,0.020060,1.229159,0.154163,-0.027606,1.225281,0.147631,0.007544,1.229648,0.116866,-0.027047,1.225890,0.108099
282,2.350000,-0.023311,-0.000044,-0.040131,-0.998923,-0.220666,1.234453,-0.425364,0.000289,-0.191869,1.234571,-0.418553,0.936372,-0.239521,1.234908,-0.445702,0.937664,-0.234775,1.233781,-0.400105,0.949253,-0.216497,1.234554,-0.437096,0.935528,-0.033541,-0.603336,-0.008236,-0.796739,-0.006760,1.227496,0.131686,0.000242,0.020207,1.229162,0.154306,0.948438,-0.027748,1.225266,0.147701,0.959451,0.007597,1.229659,0.116707,0.958941,-0.027097,1.225899,0.108031,0.979397,-0.010000,-0.709905,-0.031375,-0.703527,0.480283,0.636353,-0.034463,0.000330,0.462223,0.634983,-0.052667,0.911044,0.504561,0.637646,-0.052305,0.950923,0.491366,0.636895,-0.003589,0.910189,0.462984,0.635887,-0.029289,0.938811,0.462302,0.635164,-0.052378,0.504529,0.637581,-0.052126,0.491323,0.636990,-0.003923,0.462978,0.635677,-0.029423,-0.192088,1.234447,-0.418581,-0.239372,1.234754,-0.445568,-0.234653,1.233811,-0.400265,-0.216550,1.234800,-0.437041,0.020049,1.229155,0.154155,-0.027600,1.225280,0.147621,0.007563,1.229647,0.116860,-0.027053,1.225903,0.108107
283,2.358333,-0.023486,-0.000028,-0.040188,-0.998916,-0.220667,1.234452,-0.425370,0.000271,-0.191870,1.234570,-0.418559,0.938595,-0.239522,1.234912,-0.445708,0.942026,-0.234776,1.233769,-0.400112,0.951701,-0.216498,1.234557,-0.437102,0.936686,-0.033515,-0.603281,-0.008366,-0.796781,-0.006759,1.227496,0.131690,0.000235,0.020205,1.229165,0.154314,0.946073,-0.027748,1.225260,0.147701,0.960284,0.007600,1.229664,0.116713,0.961530,-0.027092,1.225897,0.108031,0.978693,-0.010221,-0.709911,-0.031649,-0.703506,0.480278,0.636348,-0.034470,0.000337,0.462217,0.634990,-0.052675,0.912405,0.504554,0.637655,-0.052313,0.950685,0.491362,0.636869,-0.003597,0.913506,0.462979,0.635877,-0.029296,0.937790,0.462306,0.635169,-0.052388,0.504508,0.637589,-0.052133,0.491320,0.636964,-0.003928,0.462977,0.635669,-0.029433,-0.192083,1.234450,-0.418585,-0.239384,1.234761,-0.445598,-0.234652,1.233799,-0.400257,-0.216547,1.234798,-0.437041,0.020050,1.229155,0.154164,-0.027606,1.225276,0.147632,0.007564,1.229657,0.116862,-0.027043,1.225898,0.108101
284,2.366667,-0.023381,0.000105,-0.040275,-0.998915,-0.220660,1.234454,-0.425365,0.000291,-0.191866,1.234578,-0.418546,0.938595,-0.239510,1.234906,-0.445709,0.942026,-0.234777,1.233774,-0.400111,0.951701,-0.216488,1.234558,-0.437096,0.936686,-0.033489,-0.603269,-0.008441,-0.796790,-0.006763,1.227494,0.131688,0.000236,0.020199,1.229166,0.154313,0.946073,-0.027753,1.225254,0.147699,0.960284,0.007596,1.229665,0.116712,0.961530,-0.027096,1.225893,0.108029,0.978693,-0.010194,-0.709871,-0.031442,-0.703556,0.480290,0.636359,-0.034464,0.000336,0.462231,0.634999,-0.052670,0.912405,0.504569,0.637654,-0.052305,0.950685,0.491370,0.636888,-0.003590,0.913506,0.462990,0.635894,-0.029292,0.937790,0.462318,0.635181,-0.052380,0.504528,0.637588,-0.052130,0.491322,0.636983,-0.003920,0.462993,0.635684,-0.029427,-0.192090,1.234453,-0.418574,-0.239357,1.234749,-0.445578,-0.234652,1.233805,-0.400267,-0.216542,1.234809,-0.437041,0.020049,1.229154,0.154153,-0.027615,1.225272,0.147626,0.007564,1.229662,0.116877,-0.027051,1.225890,0.108095
285,2.375000,-0.023374,0.000073,-0.040164,-0.998920,-0.220667,1.234449,-0.425372,0.000283,-0.191872,1.234567,-0.418554,0.938070,-0.239518,1.234905,-0.445714,0.941972,-0.234782,1.233772,-0.400116,0.946785,-0.216495,1.234551,-0.437103,0.936143,-0.033477,-0.603339,-0.008305,-0.796739,-0.006760,1.227492,0.131686,0.000239,0.020207,1.229162,0.154306,0.946418,-0.027747,1.225258,0.147701,0.958095,0.007597,1.229657,0.116707,0.958276,-0.027097,1.225890,0.108031,0.980747,-0.010138,-0.709953,-0.031621,-0.703465,0.480273,0.636342,-0.034465,0.000335,0.462210,0.634979,-0.052667,0.912871,0.504548,0.637648,-0.052310,0.952984,0.491361,0.636869,-0.003593,0.911405,0.462975,0.635870,-0.029288,0.941020,0.462292,0.635150,-0.052374,0.504517,0.637586,-0.052135,0.491308,0.636958,-0.003932,0.462977,0.635673,-0.029417,-0.192088,1.234447,-0.418575,-0.239380,1.234756,-0.445602,-0.234645,1.233802,-0.400277,-0.216554,1.234790,-0.437034,0.020054,1.229153,0.154156,-0.027596,1.225274,0.147630,0.007551,1.229647,0.116867,-0.027049,1.225892,0.108091
286,2.383333,-0.023195,0.000236,-0.040121,-0.998926,-0.220670,1.234460,-0.425365,0.000279,-0.191877,1.234578,-0.418538,0.939919,-0.239514,1.234911,-0.445714,0.937316,-0.234793,1.233794,-0.400114,0.951068,-0.216495,1.234558,-0.437094,0.934905,-0.033371,-0.603292,-0.008206,-0.796779,-0.006765,1.227486,0.131687,0.000237,0.020199,1.229162,0.154309,0.945855,-0.027754,1.225258,0.147700,0.959732,0.007593,1.229646,0.116708,0.957482,-0.027099,1.225878,0.108030,0.980724,-0.009937,-0.709971,-0.031736,-0.703446,0.480285,0.636345,-0.034467,0.000332,0.462222,0.634972,-0.052668,0.911764,0.504558,0.637660,-0.052314,0.953016,0.491373,0.636881,-0.003596,0.913839,0.462987,0.635866,-0.029290,0.936519,0.462306,0.635159,-0.052382,0.504519,0.637591,-0.052143,0.491322,0.636979,-0.003922,0.462992,0.635649,-0.029421,-0.192081,1.234454,-0.418571,-0.239370,1.234756,-0.445580,-0.234684,1.233824,-0.400273,-0.216545,1.234807,-0.437035,0.020050,1.229148,0.154153,-0.027611,1.225279,0.147629,0.007554,1.229645,0.116874,-0.027053,1.225873,0.108091
287,2.391667,-0.023452,0.000051,-0.040278,-0.998913,-0.220665,1.234446,-0.425367,0.000288,-0.191870,1.234569,-0.418551,0.939919,-0.239517,1.234900,-0.445708,0.937316,-0.234778,1.233762,-0.400111,0.951068,-0.216494,1.234551,-0.437098,0.934905,-0.033498,-0.603270,-0.008292,-0.796790,-0.006765,1.227490,0.131689,0.000227,0.020199,1.229159,0.154313,0.945855,-0.027754,1.225257,0.147700,0.959732,0.007595,1.229654,0.116712,0.957482,-0.027097,1.225889,0.108030,0.980724,-0.010102,-0.709972,-0.031334,-0.703460,0.480274,0.636346,-0.034468,0.000336,0.462209,0.634981,-0.052669,0.911764,0.504548,0.637636,-0.052316,0.953016,0.491362,0.636884,-0.003597,0.913839,0.462975,0.635883,-0.029291,0.936519,0.462292,0.635151,-0.052388,0.504506,0.637574,-0.052138,0.491310,0.636972,-0.003931,0.462986,0.635687,-0.029416,-0.192092,1.234447,-0.418583,-0.239363,1.234748,-0.445581,-0.234656,1.233792,-0.400264,-0.216548,1.234795,-0.437040,0.020049,1.229144,0.154164,-0.027617,1.225276,0.147639,0.007559,1.229654,0.116862,-0.027049,1.225884,0.108091
288,2.400000,-0.023356,-0.000018,-0.040253,-0.998917,-0.220666,1.234449,-0.425374,0.000268,-0.191870,1.234572,-0.418562,0.938193,-0.239521,1.234900,-0.445713,0.942620,-0.234777,1.233771,-0.400116,0.950034,-0.216497,1.234551,-0.437106,0.935498,-0.033580,-0.603289,-0.008367,-0.796772,-0.006761,1.227492,0.131680,0.000240,0.020204,1.229156,0.154304,0.945810,-0.027750,1.225255,0.147692,0.957037,0.007598,1.229660,0.116703,0.958339,-0.027095,1.225896,0.108022,0.980494,-0.010165,-0.710001,-0.031513,-0.703421,0.480283,0.636354,-0.034468,0.000327,0.462218,0.634993,-0.052668,0.912497,0.504556,0.637654,-0.052317,0.953613,0.491375,0.636883,-0.003598,0.914866,0.462986,0.635886,-0.029289,0.938517,0.462310,0.635172,-0.052382,0.504517,0.637588,-0.052148,0.491331,0.636977,-0.003922,0.462977,0.635678,-0.029420,-0.192084,1.234449,-0.418579,-0.239391,1.234746,-0.445603,-0.234646,1.233801,-0.400264,-0.216544,1.234799,-0.437050,0.020049,1.229142,0.154152,-0.027598,1.225276,0.147614,0.007560,1.229658,0.116865,-0.027054,1.225891,0.108089
289,2.408333,-0.023319,0.000079,-0.040271,-0.998917,-0.220679,1.234443,-0.425375,0.000272,-0.191884,1.234568,-0.418556,0.938193,-0.239530,1.234893,-0.445717,0.942620,-0.234794,1.233766,-0.400119,0.950034,-0.216507,1.234545,-0.437105,0.935498,-0.033459,-0.603282,-0.008305,-0.796783,-0.006765,1.227490,0.131685,0.000243,0.020199,1.229162,0.154308,0.945810,-0.027754,1.225256,0.147697,0.957037,0.007594,1.229655,0.116707,0.958339,-0.027098,1.225887,0.108027,0.980494,-0.010511,-0.709867,-0.031654,-0.703545,0.480277,0.636336,-0.034468,0.000327,0.462217,0.634993,-0.052675,0.912497,0.504555,0.637641,-0.052308,0.953613,0.491358,0.636841,-0.003594,0.914866,0.462977,0.635871,-0.029295,0.938517,0.462308,0.635166,-0.052397,0.504511,0.637578,-0.052148,0.491302,0.636931,-0.003910,0.462986,0.635671,-0.029417,-0.192093,1.234447,-0.418575,-0.239401,1.234743,-0.445604,-0.234665,1.233796,-0.400276,-0.216555,1.234786,-0.437043,0.020043,1.229153,0.154151,-0.027613,1.225271,0.147622,0.007558,1.229646,0.116865,-0.027047,1.225889,0.108102
290,2.416667,-0.023121,0.000189,-0.040121,-0.998927,-0.220676,1.234442,-0.425374,0.000285,-0.191883,1.234560,-0.418549,0.938803,-0.239522,1.234889,-0.445721,0.936455,-0.234797,1.233779,-0.400122,0.949903,-0.216502,1.234538,-0.437104,0.935270,-0.033597,-0.603277,-0.008186,-0.796782,-0.006765,1.227486,0.131689,0.000233,0.020199,1.229146,0.154313,0.945406,-0.027755,1.225258,0.147701,0.962761,0.007595,1.229647,0.116712,0.960362,-0.027099,1.225892,0.108031,0.978436,-0.010238,-0.709971,-0.031339,-0.703459,0.480283,0.636350,-0.034469,0.000327,0.462218,0.634992,-0.052670,0.913784,0.504557,0.637639,-0.052317,0.954170,0.491371,0.636879,-0.003598,0.914696,0.462984,0.635889,-0.029292,0.939863,0.462312,0.635172,-0.052392,0.504515,0.637573,-0.052151,0.491322,0.636973,-0.003923,0.462981,0.635681,-0.029412,-0.192092,1.234437,-0.418580,-0.239372,1.234735,-0.445585,-0.234683,1.233809,-0.400283,-0.216557,1.234784,-0.437048,0.020049,1.229129,0.154155,-0.027623,1.225280,0.147635,0.007562,1.229650,0.116867,-0.027047,1.225883,0.108100
291,2.425000,-0.023148,0.000092,-0.040099,-0.998928,-0.220681,1.234441,-0.425372,0.000269,-0.191887,1.234558,-0.418553,0.938803,-0.239531,1.234890,-0.445716,0.936455,-0.234797,1.233778,-0.400117,0.949903,-0.216509,1.234538,-0.437103,0.935270,-0.033498,-0.603258,-0.008276,-0.796799,-0.006763,1.227488,0.131687,0.000233,0.020199,1.229157,0.154312,0.945406,-0.027754,1.225256,0.147697,0.962761,0.007597,1.229652,0.116710,0.960362,-0.027095,1.225888,0.108028,0.978436,-0.010454,-0.709913,-0.031271,-0.703517,0.480282,0.636348,-0.034471,0.000348,0.462220,0.635002,-0.052675,0.913784,0.504560,0.637631,-0.052314,0.954170,0.491367,0.636867,-0.003598,0.914696,0.462983,0.635893,-0.029296,0.939863,0.462314,0.635186,-0.052372,0.504516,0.637564,-0.052149,0.491301,0.636962,-0.003934,0.462998,0.635681,-0.029428,-0.192093,1.234431,-0.418579,-0.239401,1.234732,-0.445594,-0.234680,1.233809,-0.400271,-0.216549,1.234793,-0.437046,0.020047,1.229140,0.154159,-0.027613,1.225278,0.147621,0.007570,1.229655,0.116867,-0.027057,1.225879,0.108099
292,2.433333,-0.023430,0.000043,-0.040273,-0.998914,-0.220675,1.234434,-0.425374,0.000277,-0.191879,1.234558,-0.418558,0.936838,-0.239527,1.234888,-0.445715,0.940612,-0.234788,1.233752,-0.400118,0.950234,-0.216504,1.234539,-0.437105,0.933609,-0.033515,-0.603267,-0.008216,-0.796792,-0.006763,1.227483,0.131685,0.000238,0.020200,1.229149,0.154309,0.944476,-0.027753,1.225254,0.147696,0.959374,0.007596,1.229644,0.116708,0.958381,-0.027096,1.225884,0.108026,0.980208,-0.010404,-0.709912,-0.031563,-0.703506,0.480273,0.636340,-0.034473,0.000339,0.462211,0.634992,-0.052677,0.910990,0.504550,0.637641,-0.052316,0.952012,0.491358,0.636854,-0.003600,0.910877,0.462974,0.635875,-0.029298,0.938154,0.462305,0.635176,-0.052387,0.504509,0.637573,-0.052141,0.491307,0.636950,-0.003939,0.462971,0.635662,-0.029423,-0.192097,1.234432,-0.418584,-0.239385,1.234732,-0.445607,-0.234658,1.233783,-0.400265,-0.216559,1.234790,-0.437040,0.020044,1.229128,0.154152,-0.027608,1.225280,0.147629,0.007559,1.229652,0.116870,-0.027049,1.225871,0.108088
293,2.441667,-0.023154,0.000164,-0.040122,-0.998927,-0.220681,1.234442,-0.425378,0.000273,-0.191888,1.234560,-0.418555,0.936838,-0.239529,1.234891,-0.445724,0.940612,-0.234801,1.233777,-0.400125,0.950234,-0.216508,1.234539,-0.437108,0.933609,-0.033405,-0.603340,-0.008185,-0.796742,-0.006765,1.227484,0.131691,0.000239,0.020202,1.229158,0.154310,0.944476,-0.027752,1.225257,0.147707,0.959374,0.007592,1.229644,0.116711,0.958381,-0.027102,1.225878,0.108037,0.980208,-0.010337,-0.709955,-0.031441,-0.703469,0.480283,0.636342,-0.034469,0.000336,0.462219,0.634990,-0.052671,0.910990,0.504558,0.637636,-0.052315,0.952012,0.491371,0.636863,-0.003598,0.910877,0.462984,0.635880,-0.029292,0.938154,0.462305,0.635170,-0.052380,0.504519,0.637571,-0.052142,0.491320,0.636957,-0.003929,0.462988,0.635672,-0.029425,-0.192089,1.234439,-0.418584,-0.239396,1.234740,-0.445604,-0.234684,1.233807,-0.400285,-0.216556,1.234780,-0.437040,0.020043,1.229140,0.154152,-0.027612,1.225280,0.147639,0.007559,1.229648,0.116865,-0.027051,1.225870,0.108108
294,2.450000,-0.023110,0.000088,-0.040093,-0.998929,-0.220683,1.234441,-0.425384,0.000272,-0.191889,1.234558,-0.418565,0.939362,-0.239534,1.234888,-0.445727,0.940492,-0.234800,1.233779,-0.400128,0.949072,-0.216512,1.234536,-0.437114,0.933936,-0.033672,-0.603272,-0.008347,-0.796780,-0.006768,1.227480,0.131686,0.000246,0.020195,1.229138,0.154310,0.940928,-0.027758,1.225245,0.147697,0.957434,0.007591,1.229648,0.116709,0.960634,-0.027102,1.225891,0.108027,0.978831,-0.010202,-0.709951,-0.031460,-0.703474,0.480276,0.636338,-0.034474,0.000333,0.462213,0.634979,-0.052677,0.911857,0.504551,0.637634,-0.052320,0.952190,0.491364,0.636866,-0.003603,0.913451,0.462978,0.635873,-0.029298,0.937173,0.462300,0.635163,-0.052389,0.504512,0.637567,-0.052146,0.491318,0.636963,-0.003932,0.462976,0.635660,-0.029431,-0.192094,1.234431,-0.418587,-0.239406,1.234730,-0.445603,-0.234679,1.233810,-0.400290,-0.216554,1.234790,-0.437055,0.020022,1.229116,0.154152,-0.027602,1.225271,0.147634,0.007559,1.229656,0.116864,-0.027052,1.225878,0.108095
295,2.458333,-0.022940,0.000177,-0.040144,-0.998931,-0.220680,1.234435,-0.425379,0.000274,-0.191887,1.234557,-0.418555,0.939362,-0.239526,1.234874,-0.445727,0.940492,-0.234801,1.233780,-0.400127,0.949072,-0.216506,1.234527,-0.437109,0.933936,-0.033479,-0.603340,-0.008143,-0.796740,-0.006773,1.227486,0.131691,0.000243,0.020195,1.229154,0.154310,0.940928,-0.027760,1.225261,0.147707,0.957434,0.007584,1.229644,0.116711,0.960634,-0.027110,1.225885,0.108037,0.978831,-0.010680,-0.709875,-0.031501,-0.703542,0.480277,0.636339,-0.034463,0.000340,0.462216,0.635004,-0.052669,0.911857,0.504556,0.637633,-0.052304,0.952190,0.491359,0.636837,-0.003589,0.913451,0.462977,0.635881,-0.029290,0.937173,0.462306,0.635178,-0.052373,0.504521,0.637570,-0.052141,0.491292,0.636928,-0.003926,0.462989,0.635679,-0.029412,-0.192088,1.234432,-0.418587,-0.239391,1.234717,-0.445597,-0.234691,1.233811,-0.400287,-0.216549,1.234778,-0.437046,0.020035,1.229132,0.154148,-0.027615,1.225287,0.147639,0.007550,1.229653,0.116874,-0.027060,1.225872,0.108103
296,2.466667,-0.022969,0.000168,-0.040099,-0.998932,-0.220689,1.234438,-0.425382,0.000269,-0.191896,1.234558,-0.418559,0.939692,-0.239536,1.234880,-0.445729,0.941560,-0.234810,1.233784,-0.400129,0.951442,-0.216516,1.234531,-0.437112,0.935118,-0.033519,-0.603250,-0.008285,-0.796805,-0.006771,1.227481,0.131682,0.000249,0.020191,1.229149,0.154307,0.941314,-0.027762,1.225249,0.147692,0.957200,0.007589,1.229646,0.116706,0.956367,-0.027103,1.225882,0.108022,0.979301,-0.010353,-0.710003,-0.031296,-0.703427,0.480281,0.636342,-0.034466,0.000343,0.462214,0.634991,-0.052666,0.911034,0.504554,0.637628,-0.052316,0.951946,0.491373,0.636866,-0.003596,0.911667,0.462983,0.635885,-0.029287,0.938304,0.462306,0.635172,-0.052373,0.504509,0.637561,-0.052141,0.491320,0.636961,-0.003933,0.462988,0.635676,-0.029418,-0.192101,1.234434,-0.418589,-0.239406,1.234726,-0.445611,-0.234695,1.233814,-0.400283,-0.216556,1.234779,-0.437047,0.020026,1.229122,0.154142,-0.027608,1.225281,0.147623,0.007552,1.229661,0.116876,-0.027054,1.225862,0.108086
297,2.475000,-0.023231,-0.000056,-0.040281,-0.998918,-0.220668,1.234429,-0.425373,0.000287,-0.191872,1.234556,-0.418562,0.939692,-0.239524,1.234874,-0.445711,0.941560,-0.234777,1.233756,-0.400114,0.951442,-0.216500,1.234528,-0.437105,0.935118,-0.033587,-0.603300,-0.008324,-0.796763,-0.006773,1.227482,0.131692,0.000236,0.020192,1.229146,0.154315,0.941314,-0.027762,1.225248,0.147705,0.957200,0.007585,1.229649,0.116714,0.956367,-0.027108,1.225887,0.108035,0.979301,-0.010463,-0.709915,-0.031378,-0.703511,0.480276,0.636340,-0.034464,0.000341,0.462213,0.634994,-0.052668,0.911034,0.504553,0.637629,-0.052308,0.951946,0.491361,0.636855,-0.003591,0.911667,0.462977,0.635882,-0.029289,0.938304,0.462306,0.635165,-0.052375,0.504508,0.637567,-0.052141,0.491302,0.636943,-0.003921,0.462987,0.635685,-0.029420,-0.192094,1.234430,-0.418589,-0.239379,1.234717,-0.445584,-0.234651,1.233787,-0.400271,-0.216549,1.234780,-0.437048,0.020033,1.229125,0.154159,-0.027614,1.225273,0.147640,0.007552,1.229656,0.116874,-0.027063,1.225875,0.108095
298,2.483333,-0.023213,-0.000060,-0.040132,-0.998925,-0.220677,1.234424,-0.425373,0.000289,-0.191880,1.234542,-0.418563,0.938507,-0.239533,1.234874,-0.445711,0.938582,-0.234785,1.233756,-0.400114,0.948297,-0.216509,1.234522,-0.437105,0.935133,-0.033452,-0.603325,-0.008299,-0.796750,-0.006767,1.227482,0.131691,0.000239,0.020200,1.229154,0.154312,0.942977,-0.027754,1.225249,0.147706,0.958862,0.007591,1.229647,0.116713,0.957508,-0.027102,1.225879,0.108036,0.980344,-0.010630,-0.709933,-0.031403,-0.703488,0.480279,0.636345,-0.034464,0.000340,0.462215,0.635008,-0.052667,0.913678,0.504555,0.637634,-0.052309,0.952592,0.491366,0.636850,-0.003592,0.915385,0.462980,0.635889,-0.029288,0.940257,0.462307,0.635179,-0.052382,0.504501,0.637571,-0.052138,0.491313,0.636939,-0.003914,0.462995,0.635692,-0.029422,-0.192093,1.234422,-0.418594,-0.239381,1.234724,-0.445590,-0.234660,1.233786,-0.400275,-0.216575,1.234762,-0.437034,0.020040,1.229128,0.154151,-0.027607,1.225280,0.147639,0.007558,1.229662,0.116879,-0.027058,1.225858,0.108097
299,2.491667,-0.022975,0.000141,-0.040109,-0.998931,-0.220689,1.234423,-0.425386,0.000272,-0.191895,1.234544,-0.418563,0.938507,-0.239536,1.234865,-0.445731,0.938582,-0.234808,1.233768,-0.400132,0.948297,-0.216515,1.234516,-0.437116,0.935133,-0.033496,-0.603295,-0.008268,-0.796771,-0.006771,1.227478,0.131691,0.000243,0.020194,1.229146,0.154313,0.942977,-0.027760,1.225246,0.147703,0.958862,0.007588,1.229641,0.116713,0.957508,-0.027105,1.225877,0.108033,0.980344,-0.010442,-0.710002,-0.031417,-0.703422,0.480277,0.636340,-0.034470,0.000340,0.462211,0.634993,-0.052670,0.913678,0.504550,0.637632,-0.052320,0.952592,0.491370,0.636856,-0.003600,0.915385,0.462979,0.635880,-0.029291,0.940257,0.462300,0.635168,-0.052373,0.504508,0.637568,-0.052149,0.491316,0.636947,-0.003931,0.462986,0.635678,-0.029429,-0.192103,1.234419,-0.418594,-0.239406,1.234710,-0.445614,-0.234689,1.233799,-0.400287,-0.216557,1.234766,-0.437047,0.020029,1.229120,0.154151,-0.027614,1.225276,0.147643,0.007552,1.229656,0.116870,-0.027050,1.225859,0.108099
300,2.500000,-0.023020,0.000117,-0.040066,-0.998932,-0.220692,1.234424,-0.425390,0.000271,-0.191898,1.234542,-0.418569,0.940888,-0.239541,1.234870,-0.445734,0.941206,-0.234810,1.233768,-0.400135,0.950425,-0.216519,1.234518,-0.437120,0.934804,-0.033839,-0.603062,-0.009230,-0.796923,-0.006748,1.227517,0.131697,0.000250,0.020201,1.229177,0.154339,0.932748,-0.027744,1.225235,0.147693,0.960548,0.007617,1.229722,0.116732,0.950955,-0.027066,1.225935,0.108025,0.976984,-0.010509,-0.709980,-0.031240,-0.703451,0.480276,0.636345,-0.034465,0.000348,0.462210,0.635001,-0.052666,0.910250,0.504551,0.637625,-0.052313,0.952418,0.491367,0.636861,-0.003594,0.910465,0.462978,0.635892,-0.029287,0.939408,0.462310,0.635181,-0.052371,0.504503,0.637559,-0.052141,0.491309,0.636954,-0.003935,0.462983,0.635685,-0.029413,-0.192098,1.234419,-0.418597,-0.239407,1.234716,-0.445617,-0.234692,1.233799,-0.400292,-0.216571,1.234764,-0.437052,0.020019,1.229118,0.154149,-0.027609,1.225292,0.147636,0.007657,1.229788,0.116912,-0.027061,1.225871,0.108091
301,2.508333,-0.023223,0.000015,-0.040242,-0.998920,-0.220679,1.234424,-0.425383,0.000262,-0.191883,1.234548,-0.418568,0.938160,-0.239532,1.234870,-0.445724,0.944565,-0.234791,1.233752,-0.400126,0.951016,-0.216509,1.234523,-0.437114,0.935257,-0.033463,-0.603325,-0.008270,-0.796750,-0.006766,1.227480,0.131684,0.000243,0.020200,1.229151,0.154304,0.942945,-0.027754,1.225248,0.147698,0.957718,0.007591,1.229643,0.116705,0.956578,-0.027102,1.225877,0.108028,0.979915,-0.010196,-0.710008,-0.031365,-0.703421,0.480275,0.636340,-0.034468,0.000331,0.462208,0.634980,-0.052668,0.912963,0.504547,0.637631,-0.052318,0.953911,0.491367,0.636871,-0.003599,0.913455,0.462977,0.635877,-0.029289,0.940071,0.462291,0.635154,-0.052378,0.504514,0.637568,-0.052148,0.491314,0.636962,-0.003929,0.462980,0.635676,-0.029419,-0.192096,1.234424,-0.418588,-0.239411,1.234715,-0.445621,-0.234662,1.233783,-0.400270,-0.216546,1.234772,-0.437053,0.020041,1.229123,0.154143,-0.027605,1.225280,0.147625,0.007558,1.229661,0.116874,-0.027060,1.225855,0.108093
302,2.516667,-0.023333,-0.000149,-0.040293,-0.998915,-0.220675,1.234426,-0.425374,0.000275,-0.191877,1.234553,-0.418569,0.938160,-0.239535,1.234875,-0.445708,0.944565,-0.234779,1.233748,-0.400112,0.951016,-0.216509,1.234529,-0.437107,0.935257,-0.033446,-0.603349,-0.008340,-0.796732,-0.006776,1.227479,0.131684,0.000229,0.020191,1.229152,0.154303,0.942945,-0.027763,1.225243,0.147699,0.957718,0.007580,1.229645,0.116704,0.956578,-0.027113,1.225875,0.108029,0.979915,-0.010347,-0.709982,-0.031525,-0.703438,0.480276,0.636335,-0.034471,0.000344,0.462211,0.634983,-0.052671,0.912963,0.504550,0.637633,-0.052319,0.953911,0.491367,0.636852,-0.003600,0.913455,0.462978,0.635870,-0.029293,0.940071,0.462308,0.635153,-0.052379,0.504506,0.637571,-0.052149,0.491307,0.636940,-0.003939,0.462985,0.635674,-0.029415,-0.192084,1.234428,-0.418592,-0.239398,1.234719,-0.445590,-0.234655,1.233779,-0.400269,-0.216564,1.234779,-0.437045,0.020041,1.229130,0.154148,-0.027626,1.225270,0.147636,0.007548,1.229655,0.116863,-0.027068,1.225860,0.108089
303,2.525000,-0.022924,0.000187,-0.040086,-0.998933,-0.220682,1.234428,-0.425375,0.000278,-0.191888,1.234548,-0.418550,0.939876,-0.239527,1.234869,-0.445722,0.937681,-0.234803,1.233777,-0.400122,0.951582,-0.216507,1.234520,-0.437104,0.934175,-0.033616,-0.603281,-0.008299,-0.796777,-0.006771,1.227481,0.131683,0.000232,0.020193,1.229142,0.154307,0.943112,-0.027761,1.225247,0.147695,0.960694,0.007588,1.229646,0.116706,0.957453,-0.027105,1.225888,0.108025,0.982251,-0.010560,-0.709990,-0.031245,-0.703439,0.480272,0.636344,-0.034465,0.000341,0.462205,0.635003,-0.052665,0.913094,0.504545,0.637624,-0.052314,0.951371,0.491363,0.636857,-0.003595,0.912045,0.462973,0.635892,-0.029287,0.939931,0.462299,0.635181,-0.052382,0.504497,0.637559,-0.052137,0.491312,0.636950,-0.003930,0.462980,0.635687,-0.029411,-0.192090,1.234423,-0.418589,-0.239383,1.234713,-0.445591,-0.234697,1.233807,-0.400281,-0.216555,1.234769,-0.437037,0.020036,1.229116,0.154144,-0.027617,1.225277,0.147637,0.007558,1.229661,0.116873,-0.027062,1.225869,0.108078
304,2.533333,-0.022963,0.000103,-0.040096,-0.998932,-0.220686,1.234434,-0.425378,0.000266,-0.191892,1.234554,-0.418557,0.939876,-0.239536,1.234876,-0.445722,0.937681,-0.234804,1.233780,-0.400123,0.951582,-0.216514,1.234526,-0.437108,0.934175,-0.033541,-0.603277,-0.008323,-0.796783,-0.006766,1.227481,0.131685,0.000242,0.020198,1.229147,0.154309,0.943112,-0.027756,1.225246,0.147697,0.960694,0.007593,1.229647,0.116708,0.957453,-0.027099,1.225883,0.108027,0.982251,-0.010498,-0.709966,-0.031472,-0.703454,0.480282,0.636346,-0.034471,0.000342,0.462216,0.635002,-0.052673,0.913094,0.504556,0.637640,-0.052318,0.951371,0.491371,0.636856,-0.003600,0.912045,0.462983,0.635885,-0.029294,0.939931,0.462311,0.635181,-0.052378,0.504515,0.637574,-0.052154,0.491308,0.636949,-0.003935,0.462993,0.635678,-0.029419,-0.192085,1.234430,-0.418579,-0.239405,1.234722,-0.445610,-0.234683,1.233810,-0.400280,-0.216572,1.234773,-0.437041,0.020037,1.229122,0.154150,-0.027606,1.225276,0.147626,0.007561,1.229660,0.116872,-0.027056,1.225865,0.108092
305,2.541667,-0.023227,-0.000136,-0.040301,-0.998918,-0.220681,1.234428,-0.425378,0.000272,-0.191884,1.234556,-0.418572,0.938811,-0.239541,1.234872,-0.445713,0.943610,-0.234786,1.233755,-0.400117,0.947805,-0.216515,1.234528,-0.437111,0.935104,-0.033455,-0.603337,-0.008129,-0.796743,-0.006770,1.227482,0.131691,0.000235,0.020197,1.229151,0.154310,0.943776,-0.027758,1.225258,0.147706,0.957888,0.007587,1.229640,0.116711,0.958813,-0.027107,1.225880,0.108036,0.982191,-0.010359,-0.710001,-0.031447,-0.703422,0.480273,0.636342,-0.034467,0.000345,0.462206,0.634991,-0.052667,0.910342,0.504545,0.637636,-0.052316,0.952072,0.491365,0.636861,-0.003597,0.911677,0.462975,0.635880,-0.029288,0.938727,0.462310,0.635172,-0.052376,0.504494,0.637569,-0.052144,0.491312,0.636956,-0.003933,0.462973,0.635670,-0.029415,-0.192095,1.234433,-0.418589,-0.239413,1.234719,-0.445607,-0.234651,1.233785,-0.400273,-0.216567,1.234773,-0.437044,0.020035,1.229126,0.154156,-0.027603,1.225288,0.147647,0.007550,1.229653,0.116871,-0.027063,1.225862,0.108089
306,2.550000,-0.023076,0.000087,-0.040094,-0.998930,-0.220687,1.234441,-0.425382,0.000276,-0.191893,1.234559,-0.418563,0.938811,-0.239537,1.234887,-0.445725,0.943610,-0.234803,1.233781,-0.400126,0.947805,-0.216515,1.234535,-0.437112,0.935104,-0.033595,-0.603334,-0.008281,-0.796738,-0.006767,1.227485,0.131687,0.000246,0.020200,1.229147,0.154307,0.943776,-0.027755,1.225252,0.147701,0.957888,0.007590,1.229650,0.116708,0.958813,-0.027104,1.225890,0.108031,0.982191,-0.010663,-0.709934,-0.031518,-0.703481,0.480280,0.636343,-0.034471,0.000342,0.462216,0.635007,-0.052674,0.910342,0.504555,0.637638,-0.052315,0.952072,0.491367,0.636842,-0.003598,0.911677,0.462981,0.635884,-0.029295,0.938727,0.462317,0.635186,-0.052377,0.504517,0.637573,-0.052147,0.491310,0.636935,-0.003942,0.462974,0.635678,-0.029417,-0.192098,1.234434,-0.418590,-0.239402,1.234731,-0.445605,-0.234682,1.233812,-0.400287,-0.216567,1.234786,-0.437044,0.020039,1.229124,0.154151,-0.027597,1.225280,0.147631,0.007546,1.229658,0.116873,-0.027057,1.225876,0.108092
307,2.558333,-0.023175,-0.000063,-0.040249,-0.998921,-0.220685,1.234430,-0.425379,0.000269,-0.191888,1.234556,-0.418569,0.938013,-0.239541,1.234874,-0.445717,0.941629,-0.234793,1.233761,-0.400119,0.950315,-0.216516,1.234528,-0.437111,0.933060,-0.033416,-0.603356,-0.008190,-0.796729,-0.006771,1.227480,0.131694,0.000239,0.020198,1.229153,0.154312,0.943304,-0.027757,1.225252,0.147710,0.960648,0.007586,1.229640,0.116713,0.958617,-0.027109,1.225875,0.108040,0.979258,-0.010270,-0.710051,-0.031637,-0.703364,0.480288,0.636337,-0.034468,0.000363,0.462220,0.634981,-0.052666,0.912197,0.504558,0.637644,-0.052321,0.950221,0.491384,0.636856,-0.003600,0.909354,0.462991,0.635867,-0.029287,0.937376,0.462305,0.635166,-0.052379,0.504496,0.637575,-0.052144,0.491307,0.636952,-0.003941,0.463044,0.635655,-0.029409,-0.192099,1.234428,-0.418588,-0.239408,1.234715,-0.445610,-0.234663,1.233792,-0.400267,-0.216568,1.234784,-0.437051,0.020039,1.229130,0.154151,-0.027614,1.225280,0.147651,0.007546,1.229650,0.116873,-0.027053,1.225860,0.108100
308,2.566667,-0.023301,0.000027,-0.040317,-0.998915,-0.220674,1.234427,-0.425369,0.000286,-0.191879,1.234555,-0.418554,0.938013,-0.239527,1.234874,-0.445710,0.941629,-0.234787,1.233750,-0.400112,0.950315,-0.216504,1.234529,-0.437100,0.933060,-0.033494,-0.603330,-0.008124,-0.796746,-0.006765,1.227489,0.131687,0.000234,0.020203,1.229156,0.154307,0.943304,-0.027753,1.225265,0.147702,0.960648,0.007593,1.229647,0.116708,0.958617,-0.027102,1.225889,0.108032,0.979258,-0.010362,-0.709979,-0.031425,-0.703445,0.480282,0.636340,-0.034469,0.000346,0.462216,0.634989,-0.052670,0.912197,0.504556,0.637633,-0.052317,0.950221,0.491372,0.636860,-0.003599,0.909354,0.462984,0.635879,-0.029291,0.937376,0.462314,0.635164,-0.052379,0.504507,0.637569,-0.052146,0.491314,0.636950,-0.003936,0.462993,0.635677,-0.029417,-0.192093,1.234433,-0.418588,-0.239371,1.234722,-0.445589,-0.234665,1.233780,-0.400266,-0.216567,1.234772,-0.437033,0.020046,1.229136,0.154144,-0.027612,1.225290,0.147642,0.007563,1.229654,0.116873,-0.027055,1.225878,0.108090
309,2.575000,-0.023409,-0.000078,-0.040296,-0.998914,-0.220675,1.234434,-0.425374,0.000280,-0.191878,1.234559,-0.418565,0.936141,-0.239532,1.234886,-0.445711,0.943406,-0.234782,1.233752,-0.400115,0.946650,-0.216507,1.234538,-0.437107,0.934999,-0.033598,-0.603274,-0.008326,-0.796782,-0.006771,1.227484,0.131682,0.000249,0.020192,1.229146,0.154306,0.942871,-0.027761,1.225249,0.147693,0.956745,0.007588,1.229650,0.116706,0.956459,-0.027105,1.225889,0.108024,0.979022,-0.010265,-0.709911,-0.031567,-0.703508,0.480270,0.636344,-0.034471,0.000340,0.462209,0.634988,-0.052675,0.909899,0.504547,0.637646,-0.052314,0.951762,0.491354,0.636865,-0.003598,0.912821,0.462971,0.635876,-0.029296,0.937622,0.462304,0.635165,-0.052376,0.504504,0.637581,-0.052137,0.491311,0.636957,-0.003931,0.462963,0.635672,-0.029439,-0.192101,1.234437,-0.418584,-0.239400,1.234734,-0.445609,-0.234639,1.233782,-0.400270,-0.216560,1.234783,-0.437036,0.020032,1.229124,0.154145,-0.027609,1.225276,0.147616,0.007550,1.229658,0.116875,-0.027059,1.225875,0.108093
310,2.583333,-0.023209,-0.000072,-0.040257,-0.998920,-0.220674,1.234434,-0.425364,0.000288,-0.191877,1.234560,-0.418555,0.936141,-0.239530,1.234880,-0.445702,0.943406,-0.234781,1.233763,-0.400105,0.946650,-0.216505,1.234533,-0.437096,0.934999,-0.033598,-0.603232,-0.008317,-0.796814,-0.006776,1.227490,0.131689,0.000224,0.020186,1.229152,0.154316,0.942871,-0.027767,1.225255,0.147698,0.956745,0.007585,1.229656,0.116714,0.956459,-0.027107,1.225895,0.108028,0.979022,-0.010275,-0.709893,-0.031386,-0.703535,0.480272,0.636345,-0.034466,0.000337,0.462211,0.634990,-0.052671,0.909899,0.504550,0.637636,-0.052308,0.951762,0.491354,0.636871,-0.003592,0.912821,0.462973,0.635884,-0.029292,0.937622,0.462305,0.635167,-0.052382,0.504507,0.637572,-0.052137,0.491303,0.636963,-0.003924,0.462973,0.635679,-0.029421,-0.192089,1.234436,-0.418580,-0.239381,1.234724,-0.445576,-0.234654,1.233794,-0.400269,-0.216571,1.234782,-0.437033,0.020033,1.229134,0.154162,-0.027633,1.225278,0.147640,0.007560,1.229661,0.116867,-0.027063,1.225886,0.108088
311,2.591667,-0.023462,0.000075,-0.040237,-0.998915,-0.220667,1.234440,-0.425369,0.000287,-0.191872,1.234561,-0.418551,0.935265,-0.239518,1.234897,-0.445711,0.938020,-0.234782,1.233757,-0.400113,0.949621,-0.216495,1.234545,-0.437100,0.935625,-0.033594,-0.603287,-0.008292,-0.796773,-0.006774,1.227487,0.131687,0.000244,0.020191,1.229149,0.154310,0.942632,-0.027763,1.225254,0.147699,0.957330,0.007585,1.229652,0.116710,0.958264,-0.027108,1.225893,0.108030,0.980445,-0.010349,-0.709938,-0.031320,-0.703491,0.480271,0.636343,-0.034466,0.000339,0.462208,0.634992,-0.052669,0.911542,0.504547,0.637630,-0.052311,0.951298,0.491358,0.636867,-0.003594,0.910793,0.462972,0.635885,-0.029290,0.937593,0.462293,0.635176,-0.052379,0.504510,0.637563,-0.052132,0.491307,0.636963,-0.003934,0.462976,0.635671,-0.029419,-0.192098,1.234438,-0.418579,-0.239372,1.234743,-0.445583,-0.234656,1.233788,-0.400268,-0.216542,1.234793,-0.437045,0.020026,1.229134,0.154152,-0.027608,1.225276,0.147631,0.007550,1.229651,0.116873,-0.027063,1.225887,0.108093
312,2.600000,-0.023397,0.000055,-0.040247,-0.998916,-0.220675,1.234442,-0.425374,0.000273,-0.191880,1.234564,-0.418557,0.935265,-0.239527,1.234895,-0.445715,0.938020,-0.234789,1.233762,-0.400118,0.949621,-0.216504,1.234545,-0.437105,0.935625,-0.033533,-0.603290,-0.008341,-0.796773,-0.006769,1.227488,0.131686,0.000236,0.020195,1.229156,0.154309,0.942632,-0.027758,1.225253,0.147698,0.957330,0.007590,1.229655,0.116709,0.958264,-0.027103,1.225890,0.108028,0.980445,-0.010146,-0.710012,-0.031500,-0.703412,0.480275,0.636346,-0.034466,0.000339,0.462209,0.634984,-0.052665,0.911542,0.504547,0.637645,-0.052316,0.951298,0.491367,0.636877,-0.003596,0.910793,0.462977,0.635879,-0.029287,0.937593,0.462294,0.635164,-0.052372,0.504510,0.637580,-0.052142,0.491313,0.636971,-0.003933,0.462983,0.635670,-0.029417,-0.192091,1.234439,-0.418576,-0.239398,1.234740,-0.445603,-0.234658,1.233792,-0.400274,-0.216553,1.234795,-0.437042,0.020036,1.229140,0.154152,-0.027618,1.225273,0.147639,0.007554,1.229655,0.116860,-0.027047,1.225885,0.108093
313,2.608333,-0.023413,0.000065,-0.040217,-0.998917,-0.220675,1.234447,-0.425367,0.000277,-0.191880,1.234567,-0.418550,0.936817,-0.239526,1.234902,-0.445709,0.941253,-0.234789,1.233767,-0.400111,0.948873,-0.216504,1.234551,-0.437098,0.935533,-0.033679,-0.603271,-0.008245,-0.796783,-0.006773,1.227490,0.131694,0.000241,0.020191,1.229146,0.154318,0.944728,-0.027764,1.225259,0.147705,0.957716,0.007586,1.229654,0.116717,0.962360,-0.027107,1.225901,0.108035,0.978385,-0.010044,-0.710020,-0.031433,-0.703408,0.480278,0.636356,-0.034464,0.000341,0.462212,0.634989,-0.052662,0.910930,0.504550,0.637652,-0.052315,0.953058,0.491371,0.636894,-0.003594,0.912966,0.462981,0.635889,-0.029284,0.939402,0.462307,0.635164,-0.052367,0.504505,0.637588,-0.052144,0.491318,0.636985,-0.003926,0.462983,0.635687,-0.029418,-0.192099,1.234444,-0.418570,-0.239391,1.234749,-0.445593,-0.234657,1.233797,-0.400264,-0.216551,1.234797,-0.437040,0.020026,1.229134,0.154171,-0.027611,1.225277,0.147635,0.007550,1.229648,0.116863,-0.027059,1.225901,0.108107
314,2.616667,-0.023407,0.000094,-0.040104,-0.998921,-0.220675,1.234452,-0.425366,0.000269,-0.191881,1.234566,-0.418548,0.936817,-0.239526,1.234912,-0.445709,0.941253,-0.234791,1.233775,-0.400111,0.948873,-0.216504,1.234555,-0.437097,0.935533,-0.033441,-0.603309,-0.008291,-0.796763,-0.006771,1.227491,0.131693,0.000241,0.020195,1.229164,0.154314,0.944728,-0.027759,1.225258,0.147706,0.957716,0.007587,1.229656,0.116714,0.962360,-0.027105,1.225887,0.108036,0.978385,-0.010126,-0.709924,-0.031369,-0.703507,0.480272,0.636346,-0.034462,0.000334,0.462210,0.634983,-0.052666,0.910930,0.504548,0.637638,-0.052306,0.953058,0.491356,0.636881,-0.003590,0.912966,0.462973,0.635882,-0.029287,0.939402,0.462292,0.635168,-0.052378,0.504505,0.637570,-0.052133,0.491306,0.636978,-0.003913,0.462984,0.635668,-0.029424,-0.192096,1.234441,-0.418568,-0.239392,1.234755,-0.445600,-0.234662,1.233806,-0.400256,-0.216551,1.234806,-0.437041,0.020039,1.229153,0.154159,-0.027613,1.225276,0.147630,0.007553,1.229650,0.116874,-0.027060,1.225886,0.108107
315,2.625000,-0.023378,0.000071,-0.040185,-0.998919,-0.220669,1.234454,-0.425369,0.000270,-0.191874,1.234573,-0.418552,0.938607,-0.239520,1.234909,-0.445712,0.941036,-0.234784,1.233777,-0.400114,0.951163,-0.216498,1.234557,-0.437100,0.934461,-0.033509,-0.603288,-0.008261,-0.796776,-0.006769,1.227489,0.131691,0.000245,0.020196,1.229157,0.154314,0.946083,-0.027758,1.225258,0.147703,0.957117,0.007590,1.229653,0.116713,0.959337,-0.027103,1.225890,0.108033,0.977833,-0.010151,-0.709985,-0.031419,-0.703443,0.480274,0.636346,-0.034468,0.000342,0.462209,0.634984,-0.052668,0.910932,0.504547,0.637640,-0.052316,0.950185,0.491364,0.636878,-0.003597,0.911785,0.462975,0.635881,-0.029290,0.936917,0.462304,0.635169,-0.052379,0.504499,0.637572,-0.052135,0.491320,0.636975,-0.003934,0.462972,0.635667,-0.029423,-0.192084,1.234448,-0.418576,-0.239383,1.234754,-0.445599,-0.234660,1.233807,-0.400261,-0.216549,1.234807,-0.437041,0.020041,1.229144,0.154164,-0.027607,1.225277,0.147623,0.007545,1.229648,0.116869,-0.027053,1.225888,0.108106
316,2.633333,-0.023495,0.000098,-0.040208,-0.998915,-0.220667,1.234454,-0.425371,0.000276,-0.191873,1.234573,-0.418552,0.937331,-0.239517,1.234913,-0.445714,0.942270,-0.234783,1.233770,-0.400116,0.949316,-0.216495,1.234559,-0.437101,0.936843,-0.033575,-0.603250,-0.008388,-0.796801,-0.006769,1.227494,0.131693,0.000241,0.020193,1.229159,0.154319,0.943686,-0.027759,1.225256,0.147703,0.958473,0.007591,1.229663,0.116718,0.959278,-0.027100,1.225898,0.108033,0.979850,-0.010484,-0.709794,-0.031751,-0.703615,0.480271,0.636340,-0.034462,0.000328,0.462215,0.634996,-0.052672,0.911701,0.504554,0.637651,-0.052296,0.954892,0.491346,0.636843,-0.003585,0.916429,0.462971,0.635871,-0.029293,0.937634,0.462309,0.635178,-0.052384,0.504510,0.637584,-0.052135,0.491296,0.636939,-0.003901,0.462970,0.635660,-0.029426,-0.192091,1.234452,-0.418573,-0.239382,1.234763,-0.445602,-0.234651,1.233800,-0.400267,-0.216544,1.234800,-0.437041,0.020032,1.229145,0.154163,-0.027609,1.225276,0.147635,0.007556,1.229661,0.116877,-0.027053,1.225894,0.108099
317,2.641667,-0.023312,0.000336,-0.040085,-0.998924,-0.220671,1.234458,-0.425371,0.000287,-0.191880,1.234572,-0.418538,0.937331,-0.239512,1.234915,-0.445723,0.942270,-0.234800,1.233787,-0.400123,0.949316,-0.216494,1.234559,-0.437100,0.936843,-0.033476,-0.603295,-0.008405,-0.796771,-0.006770,1.227490,0.131686,0.000243,0.020194,1.229162,0.154309,0.943686,-0.027758,1.225251,0.147698,0.958473,0.007588,1.229659,0.116708,0.959278,-0.027104,1.225887,0.108028,0.979850,-0.010150,-0.709970,-0.031724,-0.703444,0.480281,0.636342,-0.034469,0.000343,0.462217,0.634980,-0.052670,0.911701,0.504554,0.637655,-0.052316,0.954892,0.491369,0.636866,-0.003598,0.916429,0.462983,0.635868,-0.029291,0.937634,0.462314,0.635156,-0.052378,0.504514,0.637591,-0.052140,0.491317,0.636957,-0.003943,0.462979,0.635665,-0.029415,-0.192095,1.234448,-0.418575,-0.239359,1.234760,-0.445583,-0.234690,1.233817,-0.400280,-0.216541,1.234807,-0.437047,0.020037,1.229150,0.154154,-0.027612,1.225269,0.147625,0.007548,1.229653,0.116865,-0.027052,1.225886,0.108099
318,2.650000,-0.023410,0.000127,-0.040278,-0.998914,-0.220670,1.234455,-0.425360,0.000287,-0.191876,1.234579,-0.418539,0.936951,-0.239519,1.234908,-0.445704,0.936893,-0.234787,1.233773,-0.400106,0.949530,-0.216497,1.234559,-0.437090,0.934050,-0.033474,-0.603285,-0.008302,-0.796780,-0.006771,1.227491,0.131689,0.000238,0.020193,1.229162,0.154312,0.945957,-0.027760,1.225257,0.147701,0.960882,0.007588,1.229656,0.116711,0.960481,-0.027104,1.225889,0.108031,0.977556,-0.010279,-0.709950,-0.031611,-0.703468,0.480278,0.636350,-0.034469,0.000340,0.462215,0.634995,-0.052671,0.912912,0.504553,0.637655,-0.052314,0.952438,0.491365,0.636870,-0.003597,0.910385,0.462980,0.635882,-0.029292,0.941335,0.462308,0.635171,-0.052385,0.504512,0.637591,-0.052140,0.491309,0.636961,-0.003939,0.462983,0.635679,-0.029410,-0.192092,1.234454,-0.418568,-0.239369,1.234751,-0.445575,-0.234666,1.233804,-0.400264,-0.216552,1.234811,-0.437032,0.020041,1.229157,0.154159,-0.027622,1.225269,0.147628,0.007551,1.229642,0.116864,-0.027053,1.225896,0.108104
319,2.658333,-0.023265,0.000004,-0.040168,-0.998922,-0.220666,1.234457,-0.425361,0.000289,-0.191871,1.234577,-0.418547,0.936951,-0.239520,1.234909,-0.445701,0.936893,-0.234778,1.233786,-0.400103,0.949530,-0.216497,1.234557,-0.437092,0.934050,-0.033515,-0.603312,-0.008226,-0.796758,-0.006772,1.227492,0.131691,0.000237,0.020194,1.229158,0.154312,0.945957,-0.027760,1.225262,0.147705,0.960882,0.007586,1.229654,0.116712,0.960481,-0.027108,1.225893,0.108035,0.977556,-0.010109,-0.709891,-0.031736,-0.703524,0.480283,0.636362,-0.034465,0.000334,0.462224,0.634998,-0.052671,0.912912,0.504561,0.637675,-0.052307,0.952438,0.491365,0.636887,-0.003592,0.910385,0.462984,0.635886,-0.029292,0.941335,0.462316,0.635185,-0.052381,0.504520,0.637607,-0.052136,0.491316,0.636985,-0.003921,0.462980,0.635669,-0.029423,-0.192087,1.234456,-0.418576,-0.239367,1.234757,-0.445575,-0.234653,1.233816,-0.400262,-0.216558,1.234800,-0.437031,0.020042,1.229151,0.154158,-0.027622,1.225276,0.147630,0.007552,1.229644,0.116870,-0.027061,1.225896,0.108106
320,2.666667,-0.023028,0.000052,-0.040185,-0.998927,-0.220680,1.234460,-0.425371,0.000259,-0.191885,1.234584,-0.418554,0.941665,-0.239532,1.234901,-0.445713,0.939522,-0.234795,1.233800,-0.400115,0.953927,-0.216509,1.234555,-0.437102,0.932833,-0.033551,-0.603281,-0.008483,-0.796778,-0.006771,1.227487,0.131685,0.000242,0.020192,1.229155,0.154309,0.946097,-0.027760,1.225244,0.147696,0.958430,0.007588,1.229660,0.116708,0.959071,-0.027104,1.225889,0.108026,0.978256,-0.010163,-0.709872,-0.031661,-0.703545,0.480287,0.636354,-0.034465,0.000328,0.462228,0.634993,-0.052672,0.911136,0.504566,0.637662,-0.052305,0.952791,0.491367,0.636878,-0.003591,0.915300,0.462988,0.635882,-0.029293,0.936123,0.462324,0.635179,-0.052385,0.504522,0.637594,-0.052135,0.491328,0.636976,-0.003913,0.462974,0.635665,-0.029428,-0.192077,1.234455,-0.418582,-0.239400,1.234739,-0.445591,-0.234690,1.233832,-0.400263,-0.216553,1.234814,-0.437049,0.020039,1.229147,0.154157,-0.027614,1.225259,0.147617,0.007547,1.229649,0.116866,-0.027056,1.225892,0.108099
321,2.675000,-0.023359,0.000115,-0.040289,-0.998915,-0.220663,1.234455,-0.425363,0.000291,-0.191869,1.234581,-0.418542,0.941665,-0.239512,1.234906,-0.445707,0.939522,-0.234780,1.233776,-0.400108,0.953927,-0.216490,1.234558,-0.437093,0.932833,-0.033406,-0.603244,-0.008249,-0.796814,-0.006769,1.227491,0.131687,0.000230,0.020192,1.229165,0.154313,0.946097,-0.027760,1.225260,0.147698,0.958430,0.007591,1.229653,0.116711,0.959071,-0.027100,1.225885,0.108028,0.978256,-0.010025,-0.709907,-0.031492,-0.703519,0.480281,0.636352,-0.034463,0.000330,0.462221,0.634984,-0.052668,0.911136,0.504558,0.637652,-0.052306,0.952791,0.491364,0.636889,-0.003590,0.915300,0.462982,0.635883,-0.029289,0.936123,0.462304,0.635163,-0.052376,0.504520,0.637586,-0.052137,0.491317,0.636983,-0.003911,0.462984,0.635674,-0.029430,-0.192086,1.234462,-0.418579,-0.239350,1.234758,-0.445579,-0.234661,1.233805,-0.400262,-0.216554,1.234797,-0.437029,0.020042,1.229155,0.154160,-0.027625,1.225276,0.147633,0.007557,1.229647,0.116863,-0.027050,1.225885,0.108094
322,2.683333,-0.023300,-0.000076,-0.040147,-0.998922,-0.220673,1.234456,-0.425367,0.000265,-0.191876,1.234574,-0.418558,0.938634,-0.239530,1.234909,-0.445704,0.944445,-0.234780,1.233784,-0.400107,0.950704,-0.216505,1.234556,-0.437099,0.935996,-0.033511,-0.603292,-0.008306,-0.796773,-0.006777,1.227488,0.131694,0.000235,0.020188,1.229156,0.154317,0.947089,-0.027765,1.225254,0.147706,0.960593,0.007582,1.229653,0.116716,0.958736,-0.027111,1.225888,0.108036,0.979848,-0.010053,-0.709924,-0.031600,-0.703497,0.480281,0.636348,-0.034462,0.000336,0.462219,0.634982,-0.052665,0.913453,0.504556,0.637654,-0.052306,0.948584,0.491365,0.636881,-0.003589,0.912608,0.462982,0.635876,-0.029287,0.936771,0.462305,0.635166,-0.052385,0.504509,0.637587,-0.052117,0.491328,0.636979,-0.003923,0.462980,0.635662,-0.029421,-0.192088,1.234453,-0.418578,-0.239400,1.234758,-0.445605,-0.234648,1.233814,-0.400250,-0.216554,1.234799,-0.437034,0.020041,1.229145,0.154165,-0.027625,1.225272,0.147638,0.007536,1.229648,0.116875,-0.027058,1.225887,0.108098
323,2.691667,-0.023363,-0.000020,-0.040348,-0.998913,-0.220664,1.234455,-0.425367,0.000279,-0.191868,1.234584,-0.418554,0.938634,-0.239519,1.234904,-0.445706,0.944445,-0.234774,1.233774,-0.400109,0.950704,-0.216494,1.234559,-0.437098,0.935996,-0.033503,-0.603341,-0.008298,-0.796736,-0.006776,1.227488,0.131688,0.000234,0.020192,1.229157,0.154308,0.947089,-0.027762,1.225255,0.147703,0.960593,0.007581,1.229653,0.116709,0.958736,-0.027113,1.225888,0.108033,0.979848,-0.010054,-0.709933,-0.031463,-0.703495,0.480274,0.636346,-0.034464,0.000334,0.462212,0.634979,-0.052667,0.913453,0.504550,0.637644,-0.052308,0.948584,0.491359,0.636883,-0.003591,0.912608,0.462976,0.635878,-0.029288,0.936771,0.462300,0.635161,-0.052373,0.504505,0.637578,-0.052133,0.491319,0.636978,-0.003912,0.462973,0.635668,-0.029436,-0.192078,1.234462,-0.418585,-0.239370,1.234751,-0.445582,-0.234656,1.233804,-0.400260,-0.216550,1.234803,-0.437040,0.020034,1.229146,0.154147,-0.027627,1.225271,0.147639,0.007556,1.229648,0.116864,-0.027065,1.225887,0.108102
324,2.700000,-0.023435,-0.000032,-0.040361,-0.998910,-0.220679,1.234453,-0.425371,0.000277,-0.191882,1.234582,-0.418559,0.936824,-0.239534,1.234904,-0.445709,0.939901,-0.234788,1.233768,-0.400112,0.949970,-0.216510,1.234558,-0.437102,0.932904,-0.033531,-0.603304,-0.008302,-0.796763,-0.006771,1.227486,0.131692,0.000240,0.020194,1.229153,0.154314,0.946088,-0.027759,1.225253,0.147704,0.958291,0.007587,1.229652,0.116714,0.960135,-0.027106,1.225888,0.108035,0.979116,-0.010011,-0.709997,-0.031482,-0.703429,0.480285,0.636355,-0.034464,0.000329,0.462220,0.634986,-0.052664,0.913492,0.504558,0.637655,-0.052313,0.953290,0.491376,0.636894,-0.003594,0.915728,0.462987,0.635886,-0.029285,0.937450,0.462305,0.635171,-0.052383,0.504514,0.637587,-0.052144,0.491325,0.636991,-0.003913,0.462998,0.635672,-0.029415,-0.192098,1.234453,-0.418587,-0.239397,1.234744,-0.445593,-0.234663,1.233799,-0.400266,-0.216555,1.234815,-0.437037,0.020038,1.229147,0.154165,-0.027609,1.225267,0.147633,0.007544,1.229638,0.116867,-0.027056,1.225894,0.108102
325,2.708333,-0.023463,0.000174,-0.040263,-0.998914,-0.220657,1.234454,-0.425362,0.000290,-0.191864,1.234577,-0.418539,0.936824,-0.239505,1.234910,-0.445708,0.939901,-0.234777,1.233770,-0.400110,0.949970,-0.216484,1.234560,-0.437092,0.932904,-0.033417,-0.603224,-0.008191,-0.796830,-0.006767,1.227484,0.131694,0.000231,0.020194,1.229157,0.154321,0.946088,-0.027759,1.225257,0.147703,0.958291,0.007594,1.229644,0.116718,0.960135,-0.027097,1.225879,0.108033,0.979116,-0.010012,-0.709934,-0.031645,-0.703486,0.480280,0.636348,-0.034464,0.000334,0.462219,0.634980,-0.052667,0.913492,0.504555,0.637657,-0.052308,0.953290,0.491365,0.636883,-0.003591,0.915728,0.462981,0.635874,-0.029288,0.937450,0.462303,0.635156,-0.052384,0.504507,0.637593,-0.052133,0.491319,0.636975,-0.003911,0.462992,0.635670,-0.029426,-0.192089,1.234448,-0.418571,-0.239348,1.234750,-0.445582,-0.234653,1.233802,-0.400263,-0.216540,1.234817,-0.437034,0.020041,1.229151,0.154177,-0.027614,1.225270,0.147634,0.007557,1.229632,0.116865,-0.027052,1.225885,0.108100
326,2.716667,-0.023389,0.000071,-0.040267,-0.998915,-0.220678,1.234455,-0.425363,0.000268,-0.191883,1.234579,-0.418545,0.940292,-0.239529,1.234908,-0.445705,0.942962,-0.234793,1.233775,-0.400108,0.949875,-0.216506,1.234559,-0.437094,0.935495,-0.033401,-0.603249,-0.008355,-0.796809,-0.006780,1.227483,0.131689,0.000237,0.020181,1.229160,0.154315,0.944566,-0.027771,1.225247,0.147699,0.960414,0.007580,1.229650,0.116713,0.962373,-0.027111,1.225876,0.108030,0.978025,-0.010054,-0.709904,-0.031617,-0.703517,0.480277,0.636348,-0.034469,0.000327,0.462217,0.634982,-0.052674,0.913631,0.504554,0.637655,-0.052312,0.951551,0.491360,0.636881,-0.003596,0.915780,0.462978,0.635876,-0.029295,0.936685,0.462304,0.635167,-0.052396,0.504508,0.637587,-0.052136,0.491320,0.636979,-0.003916,0.462976,0.635660,-0.029429,-0.192087,1.234457,-0.418566,-0.239397,1.234756,-0.445598,-0.234665,1.233805,-0.400259,-0.216562,1.234802,-0.437029,0.020020,1.229152,0.154163,-0.027628,1.225261,0.147631,0.007549,1.229639,0.116860,-0.027063,1.225881,0.108103
327,2.725000,-0.023554,0.000004,-0.040262,-0.998911,-0.220671,1.234451,-0.425367,0.000278,-0.191875,1.234572,-0.418554,0.940292,-0.239525,1.234910,-0.445707,0.942962,-0.234782,1.233762,-0.400110,0.949875,-0.216501,1.234558,-0.437099,0.935495,-0.033437,-0.603221,-0.008224,-0.796831,-0.006771,1.227485,0.131687,0.000230,0.020190,1.229157,0.154314,0.944566,-0.027763,1.225256,0.147696,0.960414,0.007590,1.229647,0.116711,0.962373,-0.027101,1.225881,0.108026,0.978025,-0.009995,-0.709955,-0.031453,-0.703474,0.480275,0.636345,-0.034466,0.000333,0.462212,0.634975,-0.052667,0.913631,0.504549,0.637642,-0.052312,0.951551,0.491361,0.636885,-0.003594,0.915780,0.462976,0.635876,-0.029289,0.936685,0.462298,0.635157,-0.052380,0.504509,0.637576,-0.052133,0.491319,0.636981,-0.003925,0.462972,0.635664,-0.029425,-0.192089,1.234448,-0.418581,-0.239388,1.234755,-0.445589,-0.234657,1.233793,-0.400266,-0.216549,1.234805,-0.437033,0.020038,1.229144,0.154167,-0.027626,1.225275,0.147622,0.007562,1.229645,0.116858,-0.027058,1.225878,0.108100
328,2.733333,-0.023482,-0.000009,-0.040293,-0.998912,-0.220674,1.234454,-0.425361,0.000286,-0.191878,1.234578,-0.418548,0.936904,-0.239528,1.234909,-0.445700,0.938690,-0.234784,1.233768,-0.400103,0.948096,-0.216504,1.234559,-0.437093,0.934428,-0.033441,-0.603292,-0.008181,-0.796777,-0.006776,1.227486,0.131686,0.000230,0.020189,1.229157,0.154309,0.947559,-0.027765,1.225259,0.147699,0.960722,0.007583,1.229646,0.116708,0.961297,-0.027110,1.225883,0.108029,0.980202,-0.009974,-0.709949,-0.031548,-0.703476,0.480279,0.636358,-0.034469,0.000337,0.462216,0.634988,-0.052671,0.910090,0.504554,0.637662,-0.052315,0.953758,0.491365,0.636898,-0.003597,0.912572,0.462980,0.635886,-0.029293,0.937256,0.462316,0.635176,-0.052382,0.504510,0.637593,-0.052149,0.491310,0.636996,-0.003928,0.462980,0.635668,-0.029417,-0.192096,1.234453,-0.418571,-0.239383,1.234753,-0.445578,-0.234654,1.233799,-0.400262,-0.216562,1.234808,-0.437033,0.020039,1.229147,0.154162,-0.027624,1.225275,0.147632,0.007545,1.229639,0.116858,-0.027064,1.225883,0.108093
329,2.741667,-0.023338,0.000026,-0.040246,-0.998917,-0.220675,1.234443,-0.425361,0.000278,-0.191880,1.234566,-0.418546,0.936904,-0.239528,1.234894,-0.445702,0.938690,-0.234788,1.233766,-0.400104,0.948096,-0.216505,1.234545,-0.437092,0.934428,-0.033524,-0.603278,-0.008518,-0.796780,-0.006780,1.227487,0.131692,0.000236,0.020183,1.229158,0.154317,0.947559,-0.027769,1.225242,0.147703,0.960722,0.007579,1.229661,0.116716,0.961297,-0.027112,1.225887,0.108033,0.980202,-0.010389,-0.709915,-0.031732,-0.703495,0.480266,0.636335,-0.034469,0.000350,0.462204,0.634985,-0.052674,0.910090,0.504542,0.637645,-0.052313,0.953758,0.491350,0.636844,-0.003597,0.912572,0.462967,0.635864,-0.029295,0.937256,0.462290,0.635164,-0.052377,0.504494,0.637580,-0.052139,0.491288,0.636937,-0.003932,0.462990,0.635658,-0.029429,-0.192094,1.234443,-0.418575,-0.239385,1.234740,-0.445585,-0.234664,1.233796,-0.400256,-0.216558,1.234792,-0.437029,0.020026,1.229146,0.154162,-0.027623,1.225260,0.147632,0.007548,1.229657,0.116874,-0.027071,1.225885,0.108100
330,2.750000,-0.023127,0.000163,-0.040032,-0.998931,-0.220681,1.234454,-0.425377,0.000275,-0.191887,1.234568,-0.418554,0.939301,-0.239528,1.234905,-0.445723,0.938609,-0.234801,1.233793,-0.400124,0.950673,-0.216507,1.234550,-0.437107,0.934884,-0.033476,-0.603311,-0.008355,-0.796760,-0.006774,1.227481,0.131690,0.000234,0.020191,1.229153,0.154312,0.944644,-0.027762,1.225245,0.147704,0.961528,0.007584,1.229648,0.116712,0.959463,-0.027109,1.225879,0.108034,0.979438,-0.010043,-0.709899,-0.031513,-0.703527,0.480280,0.636350,-0.034466,0.000339,0.462220,0.634983,-0.052671,0.910758,0.504557,0.637651,-0.052308,0.952057,0.491362,0.636886,-0.003592,0.914580,0.462980,0.635880,-0.029292,0.935851,0.462308,0.635168,-0.052378,0.504510,0.637583,-0.052135,0.491313,0.636983,-0.003916,0.462988,0.635666,-0.029433,-0.192093,1.234442,-0.418581,-0.239391,1.234748,-0.445592,-0.234687,1.233824,-0.400282,-0.216551,1.234800,-0.437053,0.020038,1.229142,0.154153,-0.027626,1.225262,0.147634,0.007557,1.229643,0.116872,-0.027065,1.225878,0.108103
331,2.758333,-0.023478,0.000074,-0.040219,-0.998915,-0.220679,1.234442,-0.425366,0.000290,-0.191884,1.234562,-0.418548,0.935965,-0.239530,1.234900,-0.445708,0.937389,-0.234794,1.233759,-0.400110,0.949733,-0.216508,1.234547,-0.437097,0.935459,-0.033498,-0.603319,-0.008309,-0.796753,-0.006779,1.227479,0.131689,0.000238,0.020187,1.229148,0.154310,0.944635,-0.027767,1.225245,0.147703,0.959876,0.007579,1.229645,0.116710,0.959345,-0.027114,1.225879,0.108033,0.979182,-0.010138,-0.709962,-0.031411,-0.703466,0.480272,0.636340,-0.034473,0.000329,0.462208,0.634977,-0.052674,0.914625,0.504546,0.637634,-0.052319,0.952033,0.491360,0.636873,-0.003601,0.913362,0.462973,0.635875,-0.029296,0.940489,0.462297,0.635153,-0.052395,0.504507,0.637570,-0.052143,0.491316,0.636965,-0.003933,0.462968,0.635672,-0.029420,-0.192107,1.234440,-0.418581,-0.239376,1.234748,-0.445583,-0.234669,1.233789,-0.400265,-0.216563,1.234792,-0.437034,0.020032,1.229135,0.154153,-0.027625,1.225264,0.147629,0.007549,1.229642,0.116870,-0.027071,1.225875,0.108103
332,2.766667,-0.023354,-0.000077,-0.040220,-0.998918,-0.220670,1.234441,-0.425376,0.000270,-0.191873,1.234563,-0.418567,0.935965,-0.239528,1.234894,-0.445712,0.937389,-0.234778,1.233764,-0.400116,0.949733,-0.216502,1.234544,-0.437108,0.935459,-0.033533,-0.603243,-0.008236,-0.796810,-0.006776,1.227487,0.131690,0.000240,0.020186,1.229152,0.154316,0.944635,-0.027767,1.225257,0.147700,0.959876,0.007585,1.229649,0.116714,0.959345,-0.027108,1.225889,0.108031,0.979182,-0.010211,-0.710062,-0.031452,-0.703362,0.480282,0.636351,-0.034468,0.000335,0.462213,0.634992,-0.052665,0.914625,0.504551,0.637646,-0.052322,0.952033,0.491379,0.636879,-0.003600,0.913362,0.462985,0.635886,-0.029287,0.940489,0.462304,0.635172,-0.052375,0.504509,0.637581,-0.052152,0.491328,0.636972,-0.003929,0.462986,0.635678,-0.029419,-0.192085,1.234439,-0.418587,-0.239396,1.234740,-0.445600,-0.234650,1.233795,-0.400266,-0.216549,1.234792,-0.437050,0.020026,1.229136,0.154162,-0.027622,1.225278,0.147630,0.007551,1.229650,0.116867,-0.027059,1.225883,0.108103
333,2.775000,-0.022989,0.000302,-0.040007,-0.998935,-0.220686,1.234444,-0.425381,0.000269,-0.191895,1.234558,-0.418549,0.939820,-0.239527,1.234891,-0.445732,0.940908,-0.234814,1.233791,-0.400131,0.950840,-0.216509,1.234536,-0.437110,0.934357,-0.033504,-0.603240,-0.008234,-0.796813,-0.006781,1.227477,0.131685,0.000241,0.020181,1.229144,0.154311,0.941138,-0.027772,1.225247,0.147695,0.958355,0.007580,1.229639,0.116709,0.959618,-0.027112,1.225877,0.108025,0.980160,-0.010299,-0.709963,-0.031562,-0.703456,0.480270,0.636335,-0.034465,0.000331,0.462206,0.634981,-0.052667,0.915794,0.504544,0.637637,-0.052312,0.952999,0.491359,0.636855,-0.003594,0.916009,0.462972,0.635869,-0.029288,0.941633,0.462289,0.635148,-0.052386,0.504498,0.637576,-0.052140,0.491309,0.636942,-0.003915,0.462983,0.635676,-0.029419,-0.192098,1.234433,-0.418577,-0.239397,1.234734,-0.445613,-0.234697,1.233822,-0.400287,-0.216553,1.234788,-0.437047,0.020011,1.229122,0.154150,-0.027619,1.225274,0.147633,0.007552,1.229648,0.116867,-0.027066,1.225863,0.108088
334,2.783333,-0.023025,0.000112,-0.040005,-0.998934,-0.220686,1.234439,-0.425367,0.000284,-0.191892,1.234553,-0.418547,0.939820,-0.239535,1.234887,-0.445712,0.940908,-0.234804,1.233785,-0.400113,0.950840,-0.216513,1.234532,-0.437098,0.934357,-0.033561,-0.603292,-0.008416,-0.796770,-0.006779,1.227483,0.131691,0.000233,0.020185,1.229149,0.154314,0.941138,-0.027767,1.225243,0.147703,0.958355,0.007580,1.229653,0.116714,0.959618,-0.027113,1.225886,0.108033,0.980160,-0.010280,-0.709940,-0.031443,-0.703485,0.480273,0.636349,-0.034467,0.000337,0.462210,0.634994,-0.052669,0.915794,0.504548,0.637643,-0.052312,0.952999,0.491359,0.636873,-0.003595,0.916009,0.462974,0.635886,-0.029291,0.941633,0.462306,0.635179,-0.052376,0.504506,0.637576,-0.052145,0.491306,0.636970,-0.003924,0.462973,0.635671,-0.029421,-0.192098,1.234429,-0.418573,-0.239395,1.234733,-0.445577,-0.234686,1.233815,-0.400282,-0.216564,1.234779,-0.437038,0.020030,1.229128,0.154154,-0.027631,1.225269,0.147636,0.007554,1.229663,0.116873,-0.027068,1.225871,0.108100
335,2.791667,-0.023394,0.000065,-0.040205,-0.998918,-0.220684,1.234429,-0.425379,0.000279,-0.191889,1.234549,-0.418562,0.936554,-0.239535,1.234884,-0.445721,0.941694,-0.234798,1.233750,-0.400123,0.948792,-0.216512,1.234532,-0.437110,0.934946,-0.033526,-0.603313,-0.008212,-0.796757,-0.006778,1.227480,0.131689,0.000240,0.020188,1.229146,0.154310,0.945142,-0.027766,1.225251,0.147703,0.959807,0.007580,1.229642,0.116711,0.958152,-0.027114,1.225882,0.108033,0.979410,-0.010274,-0.710008,-0.031427,-0.703417,0.480273,0.636338,-0.034473,0.000349,0.462206,0.634983,-0.052672,0.910233,0.504545,0.637632,-0.052323,0.950424,0.491365,0.636863,-0.003603,0.909471,0.462975,0.635875,-0.029294,0.938149,0.462306,0.635167,-0.052381,0.504497,0.637565,-0.052143,0.491313,0.636959,-0.003949,0.462976,0.635663,-0.029420,-0.192109,1.234425,-0.418585,-0.239399,1.234730,-0.445611,-0.234665,1.233780,-0.400275,-0.216562,1.234779,-0.437045,0.020035,1.229129,0.154154,-0.027622,1.225275,0.147636,0.007535,1.229644,0.116872,-0.027060,1.225874,0.108095
336,2.800000,-0.023154,-0.000001,-0.040098,-0.998928,-0.220691,1.234437,-0.425373,0.000279,-0.191895,1.234555,-0.418559,0.936554,-0.239544,1.234887,-0.445713,0.941694,-0.234802,1.233774,-0.400115,0.948792,-0.216521,1.234534,-0.437104,0.934946,-0.033490,-0.603160,-0.008201,-0.796875,-0.006785,1.227478,0.131691,0.000237,0.020172,1.229146,0.154323,0.945142,-0.027779,1.225250,0.147697,0.959807,0.007579,1.229639,0.116718,0.958152,-0.027111,1.225877,0.108027,0.979410,-0.010157,-0.709936,-0.031392,-0.703493,0.480274,0.636345,-0.034469,0.000337,0.462211,0.634983,-0.052671,0.910233,0.504550,0.637637,-0.052314,0.950424,0.491359,0.636877,-0.003597,0.909471,0.462975,0.635881,-0.029293,0.938149,0.462302,0.635160,-0.052384,0.504505,0.637573,-0.052139,0.491311,0.636970,-0.003927,0.462977,0.635677,-0.029425,-0.192095,1.234431,-0.418591,-0.239400,1.234731,-0.445570,-0.234698,1.233805,-0.400278,-0.216569,1.234783,-0.437051,0.020010,1.229124,0.154163,-0.027635,1.225276,0.147635,0.007550,1.229648,0.116875,-0.027063,1.225863,0.108093
337,2.808333,-0.023461,0.000005,-0.040121,-0.998919,-0.220675,1.234428,-0.425369,0.000281,-0.191879,1.234542,-0.418556,0.936717,-0.239529,1.234889,-0.445709,0.936964,-0.234786,1.233748,-0.400112,0.952045,-0.216505,1.234532,-0.437101,0.934427,-0.033528,-0.603259,-0.008361,-0.796797,-0.006782,1.227477,0.131690,0.000234,0.020180,1.229145,0.154316,0.945006,-0.027772,1.225241,0.147701,0.960467,0.007578,1.229645,0.116714,0.959835,-0.027114,1.225878,0.108031,0.979377,-0.010363,-0.709917,-0.031408,-0.703508,0.480277,0.636336,-0.034466,0.000347,0.462215,0.634985,-0.052670,0.909725,0.504554,0.637628,-0.052310,0.951602,0.491362,0.636856,-0.003593,0.911560,0.462978,0.635875,-0.029291,0.937379,0.462308,0.635166,-0.052372,0.504508,0.637562,-0.052134,0.491309,0.636950,-0.003930,0.462985,0.635666,-0.029429,-0.192097,1.234418,-0.418585,-0.239374,1.234733,-0.445586,-0.234665,1.233779,-0.400257,-0.216564,1.234782,-0.437049,0.020027,1.229124,0.154160,-0.027633,1.225267,0.147630,0.007549,1.229655,0.116872,-0.027071,1.225864,0.108100
338,2.816667,-0.023094,0.000077,-0.040040,-0.998931,-0.220672,1.234432,-0.425385,0.000285,-0.191878,1.234546,-0.418567,0.936717,-0.239523,1.234881,-0.445728,0.936964,-0.234788,1.233773,-0.400129,0.952045,-0.216501,1.234527,-0.437116,0.934427,-0.033578,-0.603272,-0.008406,-0.796784,-0.006776,1.227471,0.131687,0.000242,0.020187,1.229136,0.154312,0.945006,-0.027766,1.225232,0.147698,0.960467,0.007583,1.229641,0.116711,0.959835,-0.027109,1.225875,0.108028,0.979377,-0.010583,-0.709962,-0.031490,-0.703456,0.480280,0.636340,-0.034475,0.000342,0.462215,0.635000,-0.052677,0.909725,0.504554,0.637634,-0.052322,0.951602,0.491369,0.636844,-0.003604,0.911560,0.462981,0.635880,-0.029298,0.937379,0.462305,0.635181,-0.052387,0.504511,0.637568,-0.052148,0.491313,0.636939,-0.003940,0.462990,0.635670,-0.029424,-0.192090,1.234420,-0.418598,-0.239376,1.234723,-0.445589,-0.234675,1.233804,-0.400291,-0.216549,1.234780,-0.437062,0.020024,1.229119,0.154148,-0.027622,1.225255,0.147637,0.007548,1.229644,0.116871,-0.027054,1.225867,0.108093
339,2.825000,-0.023006,0.000131,-0.039949,-0.998937,-0.220690,1.234434,-0.425375,0.000290,-0.191896,1.234544,-0.418553,0.939128,-0.239538,1.234883,-0.445720,0.936846,-0.234809,1.233781,-0.400120,0.949041,-0.216517,1.234525,-0.437105,0.936639,-0.033445,-0.603243,-0.008325,-0.796812,-0.006777,1.227478,0.131690,0.000241,0.020184,1.229151,0.154316,0.943919,-0.027768,1.225243,0.147700,0.958237,0.007583,1.229643,0.116714,0.957580,-0.027108,1.225874,0.108030,0.980013,-0.010314,-0.709978,-0.031460,-0.703445,0.480270,0.636334,-0.034467,0.000346,0.462204,0.634980,-0.052668,0.910069,0.504543,0.637629,-0.052315,0.953377,0.491359,0.636855,-0.003596,0.913348,0.462971,0.635870,-0.029289,0.938511,0.462307,0.635161,-0.052375,0.504489,0.637562,-0.052149,0.491301,0.636949,-0.003925,0.462981,0.635662,-0.029420,-0.192106,1.234425,-0.418587,-0.239385,1.234734,-0.445585,-0.234693,1.233811,-0.400285,-0.216576,1.234764,-0.437042,0.020027,1.229128,0.154158,-0.027620,1.225271,0.147627,0.007549,1.229653,0.116880,-0.027065,1.225858,0.108095
340,2.833333,-0.022948,0.000063,-0.040205,-0.998928,-0.220688,1.234433,-0.425383,0.000264,-0.191893,1.234559,-0.418566,0.939128,-0.239539,1.234870,-0.445726,0.936846,-0.234803,1.233776,-0.400128,0.949041,-0.216516,1.234525,-0.437114,0.936639,-0.033499,-0.603257,-0.008207,-0.796801,-0.006780,1.227477,0.131694,0.000239,0.020182,1.229145,0.154318,0.943919,-0.027771,1.225249,0.147704,0.958237,0.007580,1.229638,0.116717,0.957580,-0.027113,1.225877,0.108035,0.980013,-0.010657,-0.709989,-0.031443,-0.703430,0.480269,0.636342,-0.034470,0.000342,0.462203,0.635006,-0.052670,0.910069,0.504543,0.637633,-0.052319,0.953377,0.491361,0.636844,-0.003600,0.913348,0.462971,0.635885,-0.029291,0.938511,0.462297,0.635177,-0.052375,0.504510,0.637571,-0.052154,0.491294,0.636932,-0.003945,0.462977,0.635687,-0.029406,-0.192097,1.234430,-0.418590,-0.239413,1.234709,-0.445611,-0.234685,1.233808,-0.400278,-0.216555,1.234784,-0.437055,0.020018,1.229122,0.154158,-0.027618,1.225277,0.147639,0.007552,1.229649,0.116883,-0.027073,1.225861,0.108095
341,2.841667,-0.023126,0.000132,-0.040090,-0.998928,-0.220691,1.234435,-0.425381,0.000271,-0.191897,1.234552,-0.418560,0.940217,-0.239539,1.234884,-0.445726,0.942144,-0.234809,1.233773,-0.400127,0.949648,-0.216518,1.234531,-0.437111,0.935118,-0.033597,-0.603266,-0.008248,-0.796789,-0.006781,1.227480,0.131687,0.000234,0.020182,1.229141,0.154312,0.944363,-0.027772,1.225249,0.147698,0.960748,0.007579,1.229643,0.116711,0.959655,-0.027114,1.225886,0.108029,0.979623,-0.010569,-0.709885,-0.031266,-0.703544,0.480281,0.636342,-0.034472,0.000348,0.462220,0.635001,-0.052677,0.910169,0.504560,0.637623,-0.052314,0.952333,0.491363,0.636853,-0.003598,0.911568,0.462981,0.635889,-0.029299,0.938717,0.462319,0.635182,-0.052383,0.504510,0.637557,-0.052142,0.491306,0.636947,-0.003935,0.462989,0.635681,-0.029428,-0.192100,1.234429,-0.418585,-0.239410,1.234731,-0.445610,-0.234688,1.233803,-0.400285,-0.216564,1.234777,-0.437043,0.020027,1.229118,0.154154,-0.027632,1.225276,0.147631,0.007550,1.229655,0.116869,-0.027070,1.225869,0.108095
342,2.850000,-0.023268,0.000022,-0.040417,-0.998912,-0.220681,1.234421,-0.425383,0.000279,-0.191886,1.234555,-0.418568,0.940217,-0.239534,1.234863,-0.445724,0.942144,-0.234794,1.233743,-0.400126,0.949648,-0.216511,1.234523,-0.437114,0.935118,-0.033541,-0.603220,-0.008222,-0.796827,-0.006781,1.227476,0.131690,0.000232,0.020180,1.229140,0.154317,0.944363,-0.027773,1.225246,0.147698,0.960748,0.007581,1.229638,0.116714,0.959655,-0.027111,1.225878,0.108029,0.979623,-0.010438,-0.709943,-0.031387,-0.703482,0.480279,0.636344,-0.034474,0.000341,0.462215,0.634996,-0.052676,0.910169,0.504555,0.637633,-0.052319,0.952333,0.491366,0.636860,-0.003602,0.911568,0.462980,0.635885,-0.029297,0.938717,0.462314,0.635175,-0.052388,0.504510,0.637568,-0.052151,0.491307,0.636952,-0.003939,0.462985,0.635679,-0.029416,-0.192103,1.234432,-0.418587,-0.239397,1.234710,-0.445618,-0.234655,1.233773,-0.400280,-0.216569,1.234768,-0.437048,0.020024,1.229117,0.154162,-0.027632,1.225274,0.147634,0.007551,1.229649,0.116870,-0.027067,1.225862,0.108092
343,2.858333,-0.023123,0.000163,-0.040075,-0.998929,-0.220681,1.234427,-0.425379,0.000283,-0.191887,1.234543,-0.418555,0.939470,-0.239528,1.234876,-0.445725,0.937033,-0.234801,1.233766,-0.400125,0.949569,-0.216507,1.234523,-0.437109,0.933967,-0.033558,-0.603279,-0.008317,-0.796780,-0.006781,1.227472,0.131687,0.000238,0.020183,1.229138,0.154311,0.944228,-0.027770,1.225238,0.147699,0.959638,0.007578,1.229638,0.116710,0.957921,-0.027114,1.225876,0.108029,0.979641,-0.010540,-0.710022,-0.031161,-0.703411,0.480274,0.636336,-0.034470,0.000345,0.462206,0.634994,-0.052668,0.912062,0.504546,0.637611,-0.052321,0.952429,0.491368,0.636853,-0.003601,0.912408,0.462976,0.635886,-0.029290,0.940623,0.462300,0.635166,-0.052377,0.504498,0.637548,-0.052148,0.491313,0.636942,-0.003935,0.462986,0.635688,-0.029420,-0.192092,1.234418,-0.418590,-0.239384,1.234720,-0.445590,-0.234690,1.233796,-0.400291,-0.216558,1.234774,-0.437044,0.020029,1.229113,0.154152,-0.027629,1.225267,0.147627,0.007546,1.229652,0.116875,-0.027070,1.225858,0.108095
344,2.866667,-0.023006,0.000142,-0.040139,-0.998929,-0.220690,1.234428,-0.425383,0.000274,-0.191897,1.234550,-0.418561,0.939470,-0.239538,1.234870,-0.445729,0.937033,-0.234810,1.233771,-0.400129,0.949569,-0.216517,1.234522,-0.437113,0.933967,-0.033589,-0.603258,-0.008141,-0.796797,-0.006785,1.227473,0.131693,0.000241,0.020179,1.229133,0.154317,0.944228,-0.027776,1.225248,0.147704,0.959638,0.007576,1.229632,0.116716,0.957921,-0.027118,1.225878,0.108034,0.979641,-0.010538,-0.710093,-0.031501,-0.703324,0.480285,0.636327,-0.034468,0.000363,0.462213,0.634985,-0.052663,0.912062,0.504553,0.637623,-0.052323,0.952429,0.491386,0.636834,-0.003600,0.912408,0.462989,0.635866,-0.029284,0.940623,0.462300,0.635164,-0.052381,0.504495,0.637556,-0.052150,0.491300,0.636927,-0.003948,0.463046,0.635660,-0.029392,-0.192097,1.234428,-0.418586,-0.239403,1.234719,-0.445609,-0.234689,1.233801,-0.400291,-0.216572,1.234764,-0.437046,0.020010,1.229101,0.154157,-0.027618,1.225283,0.147642,0.007545,1.229654,0.116880,-0.027075,1.225853,0.108092
345,2.875000,-0.023194,-0.000140,-0.040200,-0.998922,-0.220692,1.234426,-0.425373,0.000273,-0.191894,1.234549,-0.418567,0.940375,-0.239552,1.234873,-0.445707,0.943354,-0.234796,1.233758,-0.400111,0.948925,-0.216525,1.234524,-0.437105,0.937903,-0.033463,-0.603309,-0.008124,-0.796764,-0.006781,1.227483,0.131691,0.000235,0.020185,1.229152,0.154312,0.942707,-0.027769,1.225259,0.147705,0.960488,0.007578,1.229641,0.116712,0.959773,-0.027116,1.225881,0.108035,0.979941,-0.010443,-0.709939,-0.031293,-0.703490,0.480272,0.636345,-0.034467,0.000343,0.462208,0.634998,-0.052670,0.910265,0.504548,0.637629,-0.052312,0.954465,0.491359,0.636863,-0.003595,0.911436,0.462973,0.635889,-0.029291,0.939625,0.462308,0.635179,-0.052376,0.504504,0.637563,-0.052148,0.491295,0.636957,-0.003931,0.462981,0.635680,-0.029412,-0.192101,1.234432,-0.418586,-0.239416,1.234728,-0.445598,-0.234666,1.233786,-0.400265,-0.216585,1.234757,-0.437041,0.020023,1.229126,0.154152,-0.027626,1.225289,0.147646,0.007548,1.229656,0.116870,-0.027069,1.225862,0.108097
346,2.883333,-0.023017,0.000139,-0.040006,-0.998934,-0.220672,1.234428,-0.425377,0.000284,-0.191878,1.234541,-0.418555,0.936653,-0.239520,1.234875,-0.445723,0.936607,-0.234791,1.233773,-0.400123,0.951443,-0.216499,1.234520,-0.437107,0.933495,-0.033582,-0.603267,-0.008290,-0.796789,-0.006775,1.227470,0.131689,0.000246,0.020189,1.229133,0.154314,0.942730,-0.027765,1.225237,0.147700,0.957538,0.007585,1.229635,0.116713,0.956944,-0.027108,1.225874,0.108031,0.979734,-0.010722,-0.709919,-0.031555,-0.703494,0.480279,0.636340,-0.034461,0.000350,0.462216,0.635007,-0.052665,0.909634,0.504556,0.637637,-0.052305,0.954436,0.491365,0.636834,-0.003588,0.912115,0.462980,0.635881,-0.029286,0.941213,0.462323,0.635179,-0.052366,0.504504,0.637574,-0.052142,0.491302,0.636923,-0.003923,0.462988,0.635683,-0.029414,-0.192094,1.234414,-0.418593,-0.239373,1.234716,-0.445591,-0.234678,1.233804,-0.400278,-0.216543,1.234775,-0.437046,0.020027,1.229109,0.154153,-0.027613,1.225266,0.147631,0.007546,1.229645,0.116880,-0.027060,1.225858,0.108094
347,2.891667,-0.023312,0.000008,-0.040207,-0.998919,-0.220689,1.234416,-0.425374,0.000259,-0.191893,1.234538,-0.418560,0.936653,-0.239543,1.234868,-0.445714,0.936607,-0.234801,1.233742,-0.400116,0.951443,-0.216519,1.234518,-0.437105,0.933495,-0.033555,-0.603322,-0.008193,-0.796749,-0.006779,1.227473,0.131690,0.000234,0.020188,1.229137,0.154310,0.942730,-0.027767,1.225246,0.147704,0.957538,0.007579,1.229635,0.116711,0.956944,-0.027116,1.225877,0.108034,0.979734,-0.010588,-0.709968,-0.031379,-0.703455,0.480274,0.636339,-0.034474,0.000350,0.462209,0.635000,-0.052676,0.909634,0.504549,0.637627,-0.052322,0.954436,0.491364,0.636847,-0.003603,0.912115,0.462976,0.635884,-0.029297,0.941213,0.462310,0.635181,-0.052381,0.504503,0.637561,-0.052151,0.491302,0.636941,-0.003948,0.462983,0.635675,-0.029418,-0.192100,1.234420,-0.418574,-0.239419,1.234721,-0.445613,-0.234670,1.233771,-0.400259,-0.216567,1.234754,-0.437049,0.020032,1.229111,0.154159,-0.027617,1.225276,0.147635,0.007545,1.229649,0.116871,-0.027076,1.225857,0.108094
348,2.900000,-0.023079,0.000109,-0.040160,-0.998927,-0.220688,1.234426,-0.425381,0.000268,-0.191894,1.234547,-0.418561,0.940239,-0.239537,1.234870,-0.445726,0.942244,-0.234805,1.233764,-0.400127,0.952175,-0.216515,1.234521,-0.437112,0.936736,-0.033899,-0.603014,-0.009355,-0.796955,-0.006751,1.227512,0.131702,0.000239,0.020195,1.229170,0.154348,0.935670,-0.027748,1.225224,0.147695,0.965304,0.007616,1.229723,0.116739,0.951844,-0.027066,1.225933,0.108027,0.977011,-0.010241,-0.710067,-0.031687,-0.703346,0.480288,0.636333,-0.034469,0.000364,0.462219,0.634975,-0.052666,0.912031,0.504557,0.637642,-0.052323,0.950649,0.491386,0.636852,-0.003601,0.907227,0.462991,0.635861,-0.029287,0.937686,0.462293,0.635157,-0.052374,0.504506,0.637575,-0.052144,0.491303,0.636947,-0.003950,0.463050,0.635651,-0.029408,-0.192099,1.234428,-0.418589,-0.239398,1.234721,-0.445616,-0.234684,1.233793,-0.400272,-0.216570,1.234760,-0.437048,0.020028,1.229117,0.154160,-0.027633,1.225275,0.147637,0.007667,1.229784,0.116914,-0.027064,1.225874,0.108097
349,2.908333,-0.023042,0.000061,-0.040030,-0.998933,-0.220685,1.234431,-0.425378,0.000275,-0.191890,1.234546,-0.418560,0.940239,-0.239536,1.234878,-0.445720,0.942244,-0.234800,1.233775,-0.400122,0.952175,-0.216513,1.234524,-0.437109,0.936736,-0.033569,-0.603211,-0.008174,-0.796833,-0.006782,1.227473,0.131694,0.000235,0.020179,1.229135,0.154322,0.935670,-0.027774,1.225246,0.147702,0.965304,0.007580,1.229633,0.116719,0.951844,-0.027112,1.225877,0.108032,0.977011,-0.010276,-0.710030,-0.031370,-0.703397,0.480298,0.636339,-0.034462,0.000359,0.462231,0.634983,-0.052660,0.912031,0.504570,0.637629,-0.052314,0.950649,0.491393,0.636865,-0.003593,0.907227,0.463001,0.635877,-0.029282,0.937686,0.462317,0.635168,-0.052374,0.504511,0.637561,-0.052143,0.491314,0.636961,-0.003930,0.463053,0.635665,-0.029402,-0.192093,1.234426,-0.418591,-0.239394,1.234729,-0.445606,-0.234680,1.233804,-0.400277,-0.216572,1.234764,-0.437037,0.020020,1.229113,0.154164,-0.027631,1.225273,0.147640,0.007548,1.229643,0.116876,-0.027063,1.225863,0.108095
350,2.916667,-0.023211,-0.000112,-0.040366,-0.998915,-0.220675,1.234430,-0.425370,0.000275,-0.191877,1.234562,-0.418563,0.939264,-0.239533,1.234871,-0.445706,0.940869,-0.234780,1.233756,-0.400110,0.949047,-0.216507,1.234530,-0.437103,0.935325,-0.033486,-0.603277,-0.008317,-0.796785,-0.006782,1.227475,0.131686,0.000232,0.020181,1.229145,0.154310,0.944843,-0.027772,1.225241,0.147698,0.960125,0.007577,1.229641,0.116709,0.958468,-0.027115,1.225874,0.108028,0.981678,-0.010426,-0.709992,-0.031423,-0.703431,0.480286,0.636347,-0.034461,0.000344,0.462220,0.634999,-0.052661,0.913860,0.504559,0.637639,-0.052310,0.951363,0.491378,0.636863,-0.003591,0.910435,0.462988,0.635886,-0.029283,0.941007,0.462301,0.635172,-0.052375,0.504518,0.637576,-0.052131,0.491319,0.636953,-0.003933,0.463007,0.635687,-0.029407,-0.192086,1.234439,-0.418582,-0.239395,1.234718,-0.445590,-0.234652,1.233786,-0.400265,-0.216564,1.234775,-0.437045,0.020027,1.229123,0.154154,-0.027628,1.225268,0.147633,0.007546,1.229651,0.116872,-0.027074,1.225859,0.108086
351,2.925000,-0.023079,0.000156,-0.039998,-0.998933,-0.220674,1.234443,-0.425379,0.000270,-0.191881,1.234555,-0.418556,0.939264,-0.239522,1.234893,-0.445725,0.940869,-0.234794,1.233786,-0.400125,0.949047,-0.216501,1.234537,-0.437109,0.935325,-0.033432,-0.603289,-0.008181,-0.796780,-0.006770,1.227487,0.131696,0.000243,0.020195,1.229159,0.154318,0.944843,-0.027759,1.225260,0.147709,0.960125,0.007589,1.229647,0.116718,0.958468,-0.027104,1.225883,0.108039,0.981678,-0.010139,-0.710051,-0.031460,-0.703375,0.480284,0.636345,-0.034462,0.000334,0.462215,0.634982,-0.052659,0.913860,0.504554,0.637642,-0.052315,0.951363,0.491379,0.636877,-0.003594,0.910435,0.462987,0.635879,-0.029281,0.941007,0.462304,0.635162,-0.052369,0.504516,0.637577,-0.052145,0.491327,0.636971,-0.003925,0.462987,0.635671,-0.029410,-0.192094,1.234431,-0.418584,-0.239382,1.234739,-0.445611,-0.234673,1.233816,-0.400267,-0.216549,1.234786,-0.437052,0.020031,1.229138,0.154163,-0.027606,1.225286,0.147637,0.007555,1.229654,0.116877,-0.027060,1.225870,0.108107
352,2.933333,-0.023130,0.000110,-0.040024,-0.998931,-0.220686,1.234438,-0.425376,0.000269,-0.191891,1.234551,-0.418556,0.941271,-0.239535,1.234890,-0.445720,0.942265,-0.234803,1.233778,-0.400121,0.949095,-0.216513,1.234534,-0.437106,0.932787,-0.033511,-0.603226,-0.008365,-0.796822,-0.006778,1.227480,0.131693,0.000233,0.020183,1.229149,0.154321,0.942316,-0.027769,1.225243,0.147702,0.961318,0.007583,1.229647,0.116718,0.959586,-0.027108,1.225880,0.108032,0.980207,-0.010461,-0.709943,-0.031419,-0.703480,0.480279,0.636344,-0.034470,0.000348,0.462216,0.634998,-0.052673,0.911167,0.504555,0.637636,-0.052316,0.951170,0.491367,0.636858,-0.003598,0.914159,0.462981,0.635885,-0.029294,0.938378,0.462317,0.635176,-0.052383,0.504493,0.637570,-0.052142,0.491315,0.636950,-0.003925,0.462992,0.635680,-0.029431,-0.192088,1.234425,-0.418582,-0.239407,1.234732,-0.445609,-0.234682,1.233809,-0.400282,-0.216566,1.234786,-0.437029,0.020021,1.229125,0.154158,-0.027630,1.225270,0.147641,0.007562,1.229660,0.116878,-0.027064,1.225863,0.108096
353,2.941667,-0.023204,-0.000001,-0.040097,-0.998926,-0.220672,1.234435,-0.425364,0.000296,-0.191876,1.234551,-0.418550,0.941271,-0.239526,1.234886,-0.445703,0.942265,-0.234783,1.233769,-0.400106,0.949095,-0.216502,1.234532,-0.437095,0.932787,-0.033610,-0.603297,-0.008026,-0.796768,-0.006778,1.227480,0.131695,0.000242,0.020188,1.229138,0.154316,0.942316,-0.027768,1.225261,0.147708,0.961318,0.007581,1.229635,0.116716,0.959586,-0.027114,1.225888,0.108038,0.980207,-0.010267,-0.709976,-0.031440,-0.703449,0.480275,0.636344,-0.034477,0.000349,0.462210,0.634988,-0.052677,0.911167,0.504549,0.637638,-0.052324,0.951170,0.491365,0.636868,-0.003606,0.914159,0.462977,0.635880,-0.029299,0.938378,0.462297,0.635160,-0.052374,0.504510,0.637576,-0.052154,0.491299,0.636957,-0.003946,0.462996,0.635682,-0.029432,-0.192091,1.234429,-0.418576,-0.239373,1.234734,-0.445579,-0.234651,1.233799,-0.400275,-0.216573,1.234776,-0.437024,0.020022,1.229117,0.154149,-0.027628,1.225286,0.147647,0.007554,1.229642,0.116875,-0.027062,1.225876,0.108108
354,2.950000,-0.023237,-0.000027,-0.040279,-0.998918,-0.220667,1.234436,-0.425371,0.000272,-0.191871,1.234563,-0.418559,0.936678,-0.239522,1.234882,-0.445710,0.942174,-0.234777,1.233763,-0.400113,0.952076,-0.216498,1.234536,-0.437103,0.936969,-0.033580,-0.603225,-0.008211,-0.796822,-0.006782,1.227481,0.131690,0.000235,0.020179,1.229143,0.154317,0.944426,-0.027774,1.225253,0.147699,0.960540,0.007579,1.229643,0.116714,0.960023,-0.027113,1.225886,0.108029,0.980211,-0.010309,-0.709893,-0.031612,-0.703524,0.480280,0.636346,-0.034465,0.000333,0.462220,0.634992,-0.052671,0.913431,0.504558,0.637650,-0.052307,0.952871,0.491363,0.636863,-0.003592,0.912607,0.462981,0.635878,-0.029292,0.940511,0.462307,0.635167,-0.052385,0.504520,0.637587,-0.052134,0.491313,0.636954,-0.003925,0.462981,0.635676,-0.029417,-0.192092,1.234442,-0.418586,-0.239385,1.234732,-0.445600,-0.234651,1.233793,-0.400255,-0.216540,1.234778,-0.437044,0.020022,1.229131,0.154161,-0.027631,1.225271,0.147634,0.007548,1.229639,0.116871,-0.027067,1.225884,0.108093
355,2.958333,-0.023159,0.000169,-0.040074,-0.998928,-0.220676,1.234440,-0.425372,0.000279,-0.191882,1.234555,-0.418549,0.936678,-0.239523,1.234891,-0.445718,0.942174,-0.234796,1.233776,-0.400119,0.952076,-0.216502,1.234536,-0.437102,0.936969,-0.033534,-0.603312,-0.008397,-0.796756,-0.006779,1.227478,0.131697,0.000229,0.020187,1.229146,0.154319,0.944426,-0.027767,1.225240,0.147710,0.960540,0.007579,1.229648,0.116719,0.960023,-0.027114,1.225880,0.108041,0.980211,-0.010227,-0.709959,-0.031363,-0.703470,0.480282,0.636349,-0.034458,0.000334,0.462218,0.634991,-0.052660,0.913431,0.504556,0.637640,-0.052305,0.952871,0.491370,0.636879,-0.003587,0.912607,0.462983,0.635888,-0.029281,0.940511,0.462303,0.635172,-0.052373,0.504522,0.637574,-0.052133,0.491313,0.636973,-0.003924,0.462989,0.635678,-0.029403,-0.192088,1.234435,-0.418582,-0.239377,1.234740,-0.445584,-0.234686,1.233806,-0.400277,-0.216551,1.234777,-0.437046,0.020035,1.229131,0.154159,-0.027627,1.225261,0.147647,0.007552,1.229649,0.116887,-0.027075,1.225872,0.108095
356,2.966667,-0.023324,0.000065,-0.040088,-0.998924,-0.220673,1.234438,-0.425362,0.000291,-0.191878,1.234553,-0.418545,0.938212,-0.239524,1.234895,-0.445704,0.935918,-0.234788,1.233766,-0.400106,0.948092,-0.216502,1.234539,-0.437093,0.933625,-0.033501,-0.603250,-0.008185,-0.796807,-0.006770,1.227482,0.131690,0.000238,0.020192,1.229149,0.154315,0.945140,-0.027761,1.225255,0.147700,0.961158,0.007590,1.229643,0.116713,0.960890,-0.027102,1.225883,0.108030,0.977204,-0.010003,-0.709885,-0.031636,-0.703536,0.480279,0.636350,-0.034469,0.000329,0.462219,0.634981,-0.052675,0.915159,0.504556,0.637659,-0.052310,0.952077,0.491359,0.636885,-0.003595,0.914174,0.462979,0.635876,-0.029296,0.940644,0.462302,0.635153,-0.052394,0.504518,0.637596,-0.052133,0.491315,0.636975,-0.003923,0.462980,0.635677,-0.029425,-0.192090,1.234428,-0.418571,-0.239367,1.234739,-0.445575,-0.234662,1.233797,-0.400269,-0.216573,1.234788,-0.437035,0.020038,1.229137,0.154159,-0.027625,1.225273,0.147627,0.007558,1.229639,0.116866,-0.027052,1.225881,0.108106
357,2.975000,-0.023377,0.000127,-0.040417,-0.998909,-0.220671,1.234441,-0.425373,0.000278,-0.191877,1.234573,-0.418552,0.938212,-0.239520,1.234887,-0.445717,0.935918,-0.234788,1.233757,-0.400119,0.948092,-0.216498,1.234545,-0.437103,0.933625,-0.033518,-0.603330,-0.008306,-0.796744,-0.006776,1.227484,0.131693,0.000241,0.020191,1.229151,0.154313,0.945140,-0.027763,1.225250,0.147707,0.961158,0.007581,1.229649,0.116714,0.960890,-0.027112,1.225884,0.108037,0.977204,-0.010198,-0.709929,-0.031523,-0.703493,0.480276,0.636344,-0.034467,0.000343,0.462214,0.634984,-0.052671,0.915159,0.504552,0.637644,-0.052312,0.952077,0.491361,0.636870,-0.003595,0.914174,0.462977,0.635876,-0.029292,0.940644,0.462305,0.635161,-0.052381,0.504515,0.637579,-0.052133,0.491306,0.636962,-0.003943,0.462978,0.635672,-0.029412,-0.192096,1.234449,-0.418572,-0.239389,1.234733,-0.445604,-0.234654,1.233788,-0.400277,-0.216543,1.234794,-0.437038,0.020027,1.229138,0.154154,-0.027620,1.225269,0.147636,0.007555,1.229647,0.116869,-0.027067,1.225881,0.108112
358,2.983333,-0.023382,0.000074,-0.040160,-0.998920,-0.220672,1.234450,-0.425360,0.000290,-0.191877,1.234568,-0.418542,0.936269,-0.239523,1.234907,-0.445702,0.937337,-0.234787,1.233773,-0.400104,0.948514,-0.216501,1.234553,-0.437090,0.934682,-0.033558,-0.603323,-0.008290,-0.796747,-0.006777,1.227481,0.131695,0.000232,0.020190,1.229146,0.154316,0.945248,-0.027764,1.225248,0.147709,0.960441,0.007581,1.229646,0.116716,0.960674,-0.027113,1.225884,0.108039,0.980109,-0.010051,-0.710039,-0.031462,-0.703387,0.480277,0.636345,-0.034467,0.000337,0.462210,0.634978,-0.052665,0.912464,0.504548,0.637643,-0.052319,0.952803,0.491372,0.636883,-0.003598,0.912746,0.462980,0.635877,-0.029286,0.939741,0.462303,0.635156,-0.052378,0.504504,0.637578,-0.052147,0.491319,0.636975,-0.003930,0.462983,0.635672,-0.029412,-0.192099,1.234444,-0.418569,-0.239372,1.234752,-0.445576,-0.234659,1.233804,-0.400263,-0.216560,1.234800,-0.437031,0.020034,1.229129,0.154162,-0.027623,1.225270,0.147642,0.007551,1.229649,0.116871,-0.027069,1.225876,0.108105
359,2.991667,-0.023408,0.000090,-0.040226,-0.998916,-0.220662,1.234450,-0.425367,0.000291,-0.191868,1.234572,-0.418548,0.936269,-0.239513,1.234905,-0.445710,0.937337,-0.234778,1.233770,-0.400112,0.948514,-0.216490,1.234554,-0.437097,0.934682,-0.033497,-0.603307,-0.008247,-0.796763,-0.006774,1.227482,0.131694,0.000240,0.020192,1.229151,0.154316,0.945248,-0.027762,1.225252,0.147707,0.960441,0.007584,1.229645,0.116716,0.960674,-0.027109,1.225882,0.108038,0.980109,-0.010116,-0.709958,-0.031478,-0.703468,0.480285,0.636351,-0.034470,0.000336,0.462222,0.634987,-0.052672,0.912464,0.504560,0.637649,-0.052316,0.952803,0.491373,0.636884,-0.003599,0.912746,0.462987,0.635884,-0.029293,0.939741,0.462309,0.635166,-0.052398,0.504509,0.637583,-0.052140,0.491323,0.636977,-0.003927,0.463000,0.635677,-0.029416,-0.192089,1.234452,-0.418577,-0.239364,1.234757,-0.445582,-0.234651,1.233800,-0.400273,-0.216546,1.234792,-0.437034,0.020032,1.229136,0.154159,-0.027618,1.225271,0.147636,0.007554,1.229644,0.116872,-0.027063,1.225877,0.108110
360,3.000000,-0.023273,0.000009,-0.040187,-0.998921,-0.220667,1.234454,-0.425368,0.000277,-0.191872,1.234575,-0.418554,0.939531,-0.239521,1.234905,-0.445708,0.942275,-0.234779,1.233782,-0.400110,0.947748,-0.216497,1.234554,-0.437099,0.936057,-0.033630,-0.603309,-0.008386,-0.796754,-0.006776,1.227486,0.131690,0.000230,0.020190,1.229147,0.154312,0.946450,-0.027764,1.225248,0.147703,0.961372,0.007582,1.229655,0.116712,0.959497,-0.027111,1.225893,0.108033,0.980840,-0.010003,-0.709979,-0.031729,-0.703437,0.480278,0.636352,-0.034470,0.000340,0.462214,0.634983,-0.052671,0.910919,0.504550,0.637667,-0.052318,0.953336,0.491367,0.636885,-0.003599,0.910100,0.462980,0.635875,-0.029293,0.939960,0.462311,0.635164,-0.052380,0.504512,0.637601,-0.052148,0.491310,0.636978,-0.003942,0.462977,0.635667,-0.029412,-0.192081,1.234455,-0.418571,-0.239383,1.234756,-0.445598,-0.234645,1.233812,-0.400268,-0.216560,1.234794,-0.437034,0.020041,1.229136,0.154159,-0.027626,1.225266,0.147635,0.007550,1.229651,0.116871,-0.027067,1.225891,0.108096
361,3.008333,-0.023459,0.000099,-0.040238,-0.998915,-0.220672,1.234452,-0.425367,0.000267,-0.191878,1.234573,-0.418548,0.939591,-0.239523,1.234908,-0.445710,0.941363,-0.234788,1.233769,-0.400112,0.952622,-0.216500,1.234557,-0.437098,0.934956,-0.033555,-0.603271,-0.008276,-0.796787,-0.006772,1.227484,0.131691,0.000231,0.020192,1.229148,0.154316,0.947407,-0.027762,1.225251,0.147703,0.962008,0.007588,1.229648,0.116715,0.961829,-0.027105,1.225887,0.108033,0.978479,-0.009932,-0.710014,-0.031538,-0.703411,0.480284,0.636347,-0.034463,0.000338,0.462218,0.634974,-0.052662,0.912203,0.504556,0.637650,-0.052314,0.950445,0.491376,0.636889,-0.003594,0.912522,0.462987,0.635874,-0.029284,0.937747,0.462302,0.635152,-0.052371,0.504516,0.637586,-0.052131,0.491333,0.636982,-0.003928,0.462986,0.635668,-0.029424,-0.192083,1.234449,-0.418579,-0.239387,1.234754,-0.445597,-0.234672,1.233799,-0.400259,-0.216547,1.234805,-0.437034,0.020043,1.229142,0.154167,-0.027627,1.225264,0.147634,0.007551,1.229636,0.116862,-0.027054,1.225892,0.108102
362,3.016667,-0.023547,0.000053,-0.040276,-0.998911,-0.220670,1.234453,-0.425355,0.000292,-0.191875,1.234575,-0.418538,0.939591,-0.239522,1.234912,-0.445696,0.941363,-0.234783,1.233765,-0.400099,0.952622,-0.216499,1.234560,-0.437086,0.934956,-0.033507,-0.603323,-0.008357,-0.796749,-0.006771,1.227482,0.131696,0.000240,0.020195,1.229152,0.154317,0.947407,-0.027758,1.225246,0.147710,0.962008,0.007587,1.229650,0.116718,0.961829,-0.027106,1.225882,0.108040,0.978479,-0.010136,-0.709910,-0.031623,-0.703509,0.480278,0.636348,-0.034471,0.000343,0.462218,0.634986,-0.052675,0.912203,0.504555,0.637655,-0.052313,0.950445,0.491362,0.636875,-0.003598,0.912522,0.462979,0.635876,-0.029296,0.937747,0.462315,0.635169,-0.052382,0.504509,0.637587,-0.052138,0.491311,0.636971,-0.003935,0.462978,0.635665,-0.029427,-0.192099,1.234451,-0.418572,-0.239368,1.234756,-0.445563,-0.234663,1.233795,-0.400256,-0.216550,1.234810,-0.437028,0.020036,1.229141,0.154156,-0.027616,1.225262,0.147644,0.007553,1.229643,0.116876,-0.027055,1.225883,0.108107
363,3.025000,-0.023528,0.000077,-0.040269,-0.998912,-0.220677,1.234452,-0.425366,0.000283,-0.191883,1.234574,-0.418548,0.935236,-0.239529,1.234910,-0.445708,0.941345,-0.234792,1.233765,-0.400110,0.947839,-0.216506,1.234559,-0.437097,0.935193,-0.033496,-0.603267,-0.008226,-0.796793,-0.006780,1.227486,0.131690,0.000237,0.020183,1.229154,0.154314,0.945354,-0.027771,1.225256,0.147701,0.960301,0.007579,1.229647,0.116713,0.959828,-0.027113,1.225885,0.108032,0.979233,-0.010058,-0.709971,-0.031614,-0.703449,0.480275,0.636340,-0.034459,0.000336,0.462211,0.634974,-0.052660,0.912645,0.504549,0.637647,-0.052306,0.952163,0.491364,0.636873,-0.003588,0.912043,0.462977,0.635868,-0.029281,0.939098,0.462303,0.635155,-0.052376,0.504507,0.637581,-0.052131,0.491313,0.636968,-0.003923,0.462978,0.635658,-0.029405,-0.192109,1.234451,-0.418569,-0.239391,1.234757,-0.445597,-0.234654,1.233795,-0.400263,-0.216556,1.234806,-0.437034,0.020028,1.229144,0.154160,-0.027629,1.225272,0.147631,0.007544,1.229640,0.116870,-0.027065,1.225886,0.108099
364,3.033333,-0.023349,0.000080,-0.040292,-0.998915,-0.220666,1.234459,-0.425360,0.000289,-0.191872,1.234585,-0.418542,0.935236,-0.239517,1.234909,-0.445703,0.941345,-0.234782,1.233780,-0.400105,0.947839,-0.216495,1.234562,-0.437091,0.935193,-0.033464,-0.603373,-0.008391,-0.796712,-0.006771,1.227488,0.131689,0.000237,0.020197,1.229161,0.154307,0.945354,-0.027757,1.225250,0.147706,0.960301,0.007584,1.229657,0.116709,0.959828,-0.027110,1.225885,0.108036,0.979233,-0.009862,-0.709909,-0.031552,-0.703517,0.480285,0.636352,-0.034467,0.000336,0.462225,0.634976,-0.052671,0.912645,0.504562,0.637657,-0.052310,0.952163,0.491368,0.636898,-0.003594,0.912043,0.462986,0.635878,-0.029293,0.939098,0.462319,0.635167,-0.052387,0.504511,0.637587,-0.052134,0.491325,0.636998,-0.003917,0.462986,0.635658,-0.029429,-0.192088,1.234463,-0.418577,-0.239358,1.234757,-0.445571,-0.234665,1.233810,-0.400260,-0.216555,1.234804,-0.437032,0.020044,1.229151,0.154157,-0.027612,1.225267,0.147630,0.007549,1.229650,0.116864,-0.027065,1.225885,0.108107
365,3.041667,-0.023403,0.000047,-0.040072,-0.998923,-0.220659,1.234455,-0.425358,0.000295,-0.191864,1.234568,-0.418542,0.936033,-0.239511,1.234916,-0.445699,0.936031,-0.234773,1.233780,-0.400101,0.948561,-0.216488,1.234557,-0.437089,0.935778,-0.033472,-0.603273,-0.008275,-0.796789,-0.006778,1.227484,0.131695,0.000246,0.020185,1.229155,0.154319,0.947462,-0.027768,1.225252,0.147706,0.957287,0.007581,1.229648,0.116718,0.958232,-0.027111,1.225882,0.108037,0.977013,-0.010010,-0.710040,-0.031637,-0.703379,0.480298,0.636348,-0.034461,0.000345,0.462231,0.634978,-0.052659,0.912219,0.504568,0.637656,-0.052313,0.952435,0.491393,0.636882,-0.003592,0.912396,0.463001,0.635873,-0.029281,0.935984,0.462313,0.635170,-0.052376,0.504518,0.637586,-0.052144,0.491324,0.636982,-0.003921,0.463038,0.635652,-0.029404,-0.192087,1.234446,-0.418571,-0.239355,1.234764,-0.445565,-0.234647,1.233810,-0.400262,-0.216547,1.234801,-0.437032,0.020037,1.229154,0.154170,-0.027622,1.225262,0.147618,0.007535,1.229628,0.116877,-0.027063,1.225893,0.108114
366,3.050000,-0.023543,0.000029,-0.040279,-0.998911,-0.220672,1.234454,-0.425371,0.000271,-0.191877,1.234576,-0.418556,0.936033,-0.239525,1.234912,-0.445711,0.936031,-0.234784,1.233766,-0.400114,0.948561,-0.216502,1.234561,-0.437102,0.935778,-0.033513,-0.603323,-0.008461,-0.796748,-0.006776,1.227479,0.131692,0.000241,0.020190,1.229150,0.154313,0.947462,-0.027763,1.225237,0.147705,0.957287,0.007581,1.229651,0.116714,0.958232,-0.027111,1.225879,0.108036,0.977013,-0.010033,-0.709929,-0.031524,-0.703496,0.480276,0.636348,-0.034467,0.000328,0.462214,0.634980,-0.052670,0.912219,0.504551,0.637649,-0.052311,0.952435,0.491360,0.636884,-0.003595,0.912396,0.462977,0.635878,-0.029292,0.935984,0.462299,0.635160,-0.052387,0.504510,0.637583,-0.052131,0.491325,0.636979,-0.003921,0.462968,0.635668,-0.029429,-0.192086,1.234452,-0.418578,-0.239393,1.234757,-0.445592,-0.234662,1.233796,-0.400267,-0.216547,1.234810,-0.437047,0.020030,1.229139,0.154162,-0.027610,1.225255,0.147629,0.007546,1.229645,0.116872,-0.027070,1.225878,0.108105
367,3.058333,-0.023230,0.000310,-0.040001,-0.998930,-0.220671,1.234454,-0.425367,0.000285,-0.191880,1.234564,-0.418535,0.937936,-0.239513,1.234911,-0.445718,0.934623,-0.234798,1.233789,-0.400118,0.951754,-0.216494,1.234552,-0.437095,0.934376,-0.033557,-0.603290,-0.008398,-0.796771,-0.006784,1.227481,0.131694,0.000235,0.020180,1.229147,0.154317,0.944416,-0.027773,1.225242,0.147706,0.964123,0.007574,1.229650,0.116717,0.961760,-0.027118,1.225884,0.108036,0.976122,-0.010029,-0.709906,-0.031458,-0.703522,0.480283,0.636346,-0.034465,0.000335,0.462223,0.634978,-0.052669,0.912940,0.504560,0.637643,-0.052308,0.952080,0.491366,0.636884,-0.003592,0.915789,0.462984,0.635878,-0.029291,0.937615,0.462316,0.635161,-0.052388,0.504506,0.637576,-0.052137,0.491318,0.636980,-0.003911,0.462992,0.635666,-0.029423,-0.192091,1.234439,-0.418570,-0.239358,1.234753,-0.445577,-0.234690,1.233820,-0.400274,-0.216546,1.234804,-0.437045,0.020027,1.229134,0.154157,-0.027647,1.225260,0.147640,0.007544,1.229648,0.116867,-0.027061,1.225881,0.108113
368,3.066667,-0.023147,0.000153,-0.040107,-0.998927,-0.220679,1.234461,-0.425368,0.000270,-0.191886,1.234578,-0.418546,0.937936,-0.239527,1.234910,-0.445714,0.934623,-0.234799,1.233797,-0.400115,0.951754,-0.216506,1.234557,-0.437099,0.934376,-0.033475,-0.603271,-0.008381,-0.796789,-0.006779,1.227481,0.131695,0.000235,0.020184,1.229153,0.154320,0.944416,-0.027768,1.225243,0.147706,0.964123,0.007580,1.229649,0.116719,0.961760,-0.027111,1.225879,0.108037,0.976122,-0.010202,-0.709874,-0.031761,-0.703538,0.480272,0.636339,-0.034471,0.000344,0.462213,0.634980,-0.052677,0.912940,0.504550,0.637653,-0.052311,0.952080,0.491352,0.636858,-0.003596,0.915789,0.462972,0.635864,-0.029298,0.937615,0.462321,0.635158,-0.052385,0.504497,0.637588,-0.052144,0.491299,0.636950,-0.003928,0.462970,0.635660,-0.029425,-0.192093,1.234455,-0.418578,-0.239383,1.234755,-0.445594,-0.234687,1.233827,-0.400258,-0.216556,1.234805,-0.437043,0.020033,1.229145,0.154167,-0.027631,1.225258,0.147634,0.007544,1.229640,0.116872,-0.027062,1.225881,0.108108
369,3.075000,-0.023335,0.000045,-0.040204,-0.998919,-0.220672,1.234455,-0.425367,0.000268,-0.191877,1.234576,-0.418550,0.938479,-0.239524,1.234908,-0.445708,0.941964,-0.234786,1.233779,-0.400110,0.950134,-0.216501,1.234557,-0.437098,0.933875,-0.033534,-0.603312,-0.008332,-0.796757,-0.006787,1.227481,0.131688,0.000237,0.020178,1.229148,0.154310,0.945928,-0.027775,1.225246,0.147702,0.958906,0.007571,1.229648,0.116710,0.958606,-0.027122,1.225883,0.108032,0.980544,-0.010032,-0.709901,-0.031672,-0.703517,0.480280,0.636348,-0.034466,0.000339,0.462219,0.634981,-0.052671,0.911852,0.504556,0.637659,-0.052308,0.951708,0.491362,0.636881,-0.003593,0.913386,0.462980,0.635874,-0.029292,0.938213,0.462309,0.635159,-0.052380,0.504511,0.637594,-0.052132,0.491314,0.636973,-0.003923,0.462984,0.635668,-0.029429,-0.192087,1.234449,-0.418571,-0.239396,1.234750,-0.445596,-0.234659,1.233810,-0.400261,-0.216547,1.234810,-0.437037,0.020025,1.229140,0.154158,-0.027628,1.225262,0.147630,0.007532,1.229638,0.116871,-0.027077,1.225885,0.108095
370,3.083333,-0.023467,0.000016,-0.040200,-0.998916,-0.220665,1.234455,-0.425363,0.000292,-0.191869,1.234573,-0.418549,0.938479,-0.239518,1.234913,-0.445703,0.941964,-0.234777,1.233772,-0.400106,0.950134,-0.216495,1.234559,-0.437094,0.933875,-0.033527,-0.603283,-0.008473,-0.796777,-0.006774,1.227484,0.131691,0.000239,0.020190,1.229154,0.154315,0.945928,-0.027762,1.225242,0.147702,0.958906,0.007585,1.229656,0.116715,0.958606,-0.027107,1.225885,0.108033,0.980544,-0.010028,-0.709962,-0.031532,-0.703462,0.480277,0.636345,-0.034457,0.000323,0.462213,0.634976,-0.052659,0.911852,0.504551,0.637647,-0.052304,0.951708,0.491364,0.636881,-0.003586,0.913386,0.462978,0.635874,-0.029281,0.938213,0.462299,0.635156,-0.052376,0.504520,0.637582,-0.052135,0.491316,0.636975,-0.003914,0.462972,0.635666,-0.029404,-0.192090,1.234453,-0.418576,-0.239374,1.234762,-0.445573,-0.234649,1.233802,-0.400272,-0.216545,1.234800,-0.437030,0.020038,1.229143,0.154162,-0.027617,1.225260,0.147629,0.007545,1.229651,0.116877,-0.027060,1.225883,0.108098
371,3.091667,-0.023485,0.000070,-0.040313,-0.998911,-0.220675,1.234445,-0.425367,0.000269,-0.191880,1.234570,-0.418550,0.940155,-0.239527,1.234900,-0.445709,0.941230,-0.234790,1.233759,-0.400111,0.950875,-0.216504,1.234551,-0.437098,0.934876,-0.033451,-0.603361,-0.008275,-0.796723,-0.006779,1.227477,0.131692,0.000232,0.020189,1.229149,0.154310,0.945633,-0.027765,1.225245,0.147709,0.961105,0.007577,1.229641,0.116712,0.961641,-0.027117,1.225874,0.108039,0.979334,-0.010199,-0.709931,-0.031572,-0.703489,0.480272,0.636338,-0.034473,0.000350,0.462209,0.634979,-0.052676,0.911644,0.504547,0.637641,-0.052317,0.950388,0.491357,0.636863,-0.003600,0.909629,0.462973,0.635869,-0.029297,0.940400,0.462299,0.635150,-0.052380,0.504503,0.637578,-0.052134,0.491304,0.636952,-0.003946,0.462981,0.635671,-0.029430,-0.192084,1.234447,-0.418572,-0.239390,1.234746,-0.445596,-0.234667,1.233789,-0.400262,-0.216560,1.234799,-0.437038,0.020034,1.229137,0.154159,-0.027626,1.225263,0.147642,0.007546,1.229638,0.116862,-0.027071,1.225872,0.108107
372,3.100000,-0.023467,0.000048,-0.040273,-0.998913,-0.220674,1.234445,-0.425370,0.000270,-0.191879,1.234568,-0.418554,0.940155,-0.239526,1.234900,-0.445711,0.941230,-0.234787,1.233761,-0.400113,0.950875,-0.216503,1.234550,-0.437101,0.934876,-0.033545,-0.603272,-0.008520,-0.796784,-0.006783,1.227480,0.131690,0.000238,0.020180,1.229149,0.154315,0.945633,-0.027772,1.225235,0.147701,0.961105,0.007576,1.229654,0.116714,0.961641,-0.027115,1.225882,0.108031,0.979334,-0.010179,-0.709994,-0.031380,-0.703434,0.480272,0.636339,-0.034470,0.000334,0.462206,0.634978,-0.052669,0.911644,0.504544,0.637631,-0.052319,0.950388,0.491362,0.636871,-0.003599,0.909629,0.462973,0.635876,-0.029291,0.940400,0.462286,0.635150,-0.052383,0.504512,0.637568,-0.052142,0.491309,0.636960,-0.003939,0.462979,0.635677,-0.029414,-0.192093,1.234444,-0.418573,-0.239391,1.234747,-0.445602,-0.234657,1.233791,-0.400259,-0.216554,1.234797,-0.437045,0.020023,1.229137,0.154155,-0.027634,1.225253,0.147629,0.007550,1.229651,0.116873,-0.027070,1.225879,0.108105
373,3.108333,-0.023578,0.000083,-0.040266,-0.998911,-0.220671,1.234441,-0.425369,0.000266,-0.191876,1.234563,-0.418551,0.938897,-0.239522,1.234902,-0.445711,0.942726,-0.234786,1.233752,-0.400113,0.950382,-0.216500,1.234549,-0.437099,0.934942,-0.033465,-0.603281,-0.008286,-0.796784,-0.006789,1.227484,0.131689,0.000233,0.020175,1.229155,0.154313,0.944914,-0.027778,1.225251,0.147701,0.962602,0.007570,1.229648,0.116712,0.960403,-0.027122,1.225881,0.108032,0.978877,-0.010163,-0.709905,-0.031399,-0.703524,0.480276,0.636346,-0.034467,0.000340,0.462215,0.634984,-0.052671,0.913339,0.504553,0.637638,-0.052309,0.950503,0.491359,0.636878,-0.003594,0.912872,0.462976,0.635882,-0.029293,0.938756,0.462305,0.635164,-0.052389,0.504503,0.637572,-0.052130,0.491311,0.636972,-0.003926,0.462983,0.635674,-0.029422,-0.192085,1.234437,-0.418571,-0.239397,1.234746,-0.445599,-0.234661,1.233782,-0.400264,-0.216541,1.234799,-0.437040,0.020022,1.229139,0.154155,-0.027645,1.225272,0.147637,0.007538,1.229649,0.116867,-0.027071,1.225875,0.108098
374,3.116667,-0.023200,0.000085,-0.040072,-0.998927,-0.220676,1.234450,-0.425374,0.000273,-0.191882,1.234565,-0.418556,0.938897,-0.239527,1.234902,-0.445717,0.942726,-0.234792,1.233785,-0.400119,0.950382,-0.216505,1.234547,-0.437105,0.934942,-0.033566,-0.603314,-0.008504,-0.796752,-0.006788,1.227476,0.131695,0.000226,0.020178,1.229144,0.154318,0.944914,-0.027775,1.225232,0.147708,0.962602,0.007570,1.229650,0.116718,0.960403,-0.027122,1.225879,0.108038,0.978877,-0.010226,-0.709960,-0.031401,-0.703467,0.480282,0.636354,-0.034466,0.000338,0.462218,0.634996,-0.052668,0.913339,0.504557,0.637646,-0.052313,0.950503,0.491370,0.636882,-0.003595,0.912872,0.462983,0.635891,-0.029289,0.938756,0.462312,0.635178,-0.052389,0.504509,0.637579,-0.052139,0.491318,0.636978,-0.003928,0.462990,0.635680,-0.029409,-0.192084,1.234442,-0.418582,-0.239393,1.234748,-0.445600,-0.234672,1.233815,-0.400277,-0.216556,1.234794,-0.437038,0.020022,1.229130,0.154156,-0.027650,1.225250,0.147655,0.007547,1.229650,0.116867,-0.027069,1.225875,0.108103
375,3.125000,-0.023273,-0.000052,-0.040175,-0.998922,-0.220681,1.234438,-0.425364,0.000266,-0.191885,1.234558,-0.418554,0.938377,-0.239537,1.234889,-0.445702,0.943597,-0.234790,1.233766,-0.400105,0.949034,-0.216513,1.234538,-0.437096,0.933156,-0.033463,-0.603253,-0.008263,-0.796805,-0.006780,1.227479,0.131694,0.000234,0.020182,1.229149,0.154319,0.945930,-0.027770,1.225247,0.147704,0.959413,0.007580,1.229642,0.116717,0.961225,-0.027112,1.225876,0.108034,0.979355,-0.010166,-0.709989,-0.031642,-0.703428,0.480271,0.636345,-0.034467,0.000334,0.462206,0.634984,-0.052667,0.912317,0.504544,0.637652,-0.052315,0.954082,0.491362,0.636870,-0.003596,0.913207,0.462973,0.635873,-0.029289,0.939913,0.462292,0.635159,-0.052376,0.504508,0.637589,-0.052147,0.491307,0.636961,-0.003927,0.462977,0.635671,-0.029418,-0.192095,1.234430,-0.418572,-0.239416,1.234730,-0.445598,-0.234658,1.233798,-0.400258,-0.216556,1.234793,-0.437030,0.020027,1.229131,0.154170,-0.027626,1.225271,0.147633,0.007547,1.229646,0.116869,-0.027067,1.225866,0.108103
376,3.133333,-0.023462,-0.000013,-0.040194,-0.998916,-0.220671,1.234434,-0.425368,0.000281,-0.191875,1.234553,-0.418556,0.938993,-0.239526,1.234893,-0.445707,0.939176,-0.234782,1.233753,-0.400110,0.949165,-0.216502,1.234539,-0.437100,0.935810,-0.033472,-0.603332,-0.008324,-0.796744,-0.006787,1.227476,0.131686,0.000234,0.020180,1.229147,0.154306,0.946647,-0.027774,1.225241,0.147700,0.961066,0.007570,1.229641,0.116707,0.959730,-0.027123,1.225873,0.108030,0.979193,-0.010335,-0.709997,-0.031525,-0.703423,0.480275,0.636341,-0.034473,0.000338,0.462209,0.634988,-0.052673,0.913169,0.504547,0.637640,-0.052322,0.953023,0.491367,0.636859,-0.003603,0.911654,0.462977,0.635876,-0.029294,0.942307,0.462299,0.635156,-0.052382,0.504510,0.637579,-0.052148,0.491313,0.636946,-0.003941,0.462978,0.635682,-0.029420,-0.192086,1.234432,-0.418579,-0.239381,1.234741,-0.445585,-0.234656,1.233783,-0.400268,-0.216563,1.234782,-0.437042,0.020031,1.229134,0.154153,-0.027636,1.225260,0.147630,0.007531,1.229638,0.116863,-0.027072,1.225870,0.108096
377,3.141667,-0.023351,0.000014,-0.040204,-0.998919,-0.220673,1.234434,-0.425366,0.000280,-0.191878,1.234555,-0.418552,0.938993,-0.239527,1.234888,-0.445706,0.939176,-0.234785,1.233758,-0.400109,0.949165,-0.216503,1.234537,-0.437097,0.935810,-0.033483,-0.603280,-0.008312,-0.796783,-0.006784,1.227475,0.131692,0.000243,0.020179,1.229145,0.154315,0.946647,-0.027774,1.225241,0.147703,0.961066,0.007575,1.229640,0.116715,0.959730,-0.027118,1.225873,0.108034,0.979193,-0.010410,-0.709916,-0.031216,-0.703517,0.480276,0.636345,-0.034473,0.000343,0.462213,0.634996,-0.052677,0.913169,0.504553,0.637624,-0.052317,0.953023,0.491360,0.636867,-0.003600,0.911654,0.462976,0.635891,-0.029298,0.942307,0.462306,0.635167,-0.052382,0.504509,0.637562,-0.052145,0.491304,0.636956,-0.003935,0.462983,0.635694,-0.029429,-0.192090,1.234435,-0.418576,-0.239384,1.234738,-0.445577,-0.234664,1.233788,-0.400266,-0.216555,1.234776,-0.437045,0.020012,1.229126,0.154157,-0.027627,1.225265,0.147632,0.007550,1.229646,0.116867,-0.027072,1.225863,0.108111
378,3.150000,-0.023095,0.000238,-0.040073,-0.998930,-0.220677,1.234437,-0.425377,0.000277,-0.191885,1.234553,-0.418549,0.939729,-0.239521,1.234886,-0.445726,0.937196,-0.234801,1.233777,-0.400126,0.953139,-0.216502,1.234532,-0.437106,0.936048,-0.033604,-0.603254,-0.008213,-0.796799,-0.006781,1.227469,0.131692,0.000240,0.020182,1.229130,0.154317,0.941906,-0.027772,1.225241,0.147702,0.958321,0.007580,1.229632,0.116715,0.959845,-0.027113,1.225876,0.108032,0.980040,-0.010372,-0.709980,-0.031336,-0.703448,0.480272,0.636341,-0.034469,0.000342,0.462207,0.634991,-0.052669,0.910062,0.504546,0.637629,-0.052317,0.952701,0.491363,0.636863,-0.003598,0.911966,0.462974,0.635883,-0.029291,0.937923,0.462310,0.635176,-0.052379,0.504497,0.637561,-0.052147,0.491309,0.636960,-0.003933,0.462973,0.635669,-0.029416,-0.192089,1.234431,-0.418588,-0.239374,1.234733,-0.445592,-0.234697,1.233807,-0.400279,-0.216548,1.234777,-0.437049,0.020014,1.229105,0.154158,-0.027619,1.225270,0.147641,0.007548,1.229644,0.116872,-0.027066,1.225860,0.108094
379,3.158333,-0.023114,0.000174,-0.040130,-0.998927,-0.220684,1.234434,-0.425381,0.000281,-0.191890,1.234554,-0.418558,0.939729,-0.239530,1.234881,-0.445728,0.937196,-0.234804,1.233771,-0.400129,0.953139,-0.216510,1.234530,-0.437111,0.936048,-0.033527,-0.603319,-0.008229,-0.796752,-0.006785,1.227473,0.131690,0.000237,0.020181,1.229139,0.154310,0.941906,-0.027773,1.225243,0.147704,0.958321,0.007573,1.229635,0.116711,0.959845,-0.027121,1.225874,0.108034,0.980040,-0.010320,-0.710001,-0.031310,-0.703428,0.480272,0.636341,-0.034465,0.000339,0.462206,0.634988,-0.052664,0.910062,0.504545,0.637628,-0.052314,0.952701,0.491364,0.636867,-0.003595,0.911966,0.462974,0.635883,-0.029286,0.937923,0.462300,0.635162,-0.052377,0.504504,0.637564,-0.052144,0.491306,0.636957,-0.003933,0.462979,0.635682,-0.029405,-0.192108,1.234429,-0.418592,-0.239387,1.234725,-0.445597,-0.234691,1.233802,-0.400283,-0.216549,1.234781,-0.437054,0.020015,1.229117,0.154154,-0.027623,1.225269,0.147641,0.007545,1.229644,0.116866,-0.027078,1.225860,0.108097
380,3.166667,-0.023296,0.000047,-0.040122,-0.998923,-0.220681,1.234428,-0.425376,0.000283,-0.191885,1.234545,-0.418559,0.935293,-0.239533,1.234882,-0.445717,0.940685,-0.234794,1.233757,-0.400119,0.947980,-0.216510,1.234528,-0.437107,0.936124,-0.033517,-0.603230,-0.008311,-0.796819,-0.006780,1.227480,0.131688,0.000241,0.020181,1.229147,0.154315,0.944066,-0.027771,1.225246,0.147697,0.957997,0.007581,1.229645,0.116712,0.956381,-0.027110,1.225880,0.108027,0.980767,-0.010344,-0.709993,-0.031446,-0.703430,0.480275,0.636341,-0.034470,0.000339,0.462209,0.634989,-0.052670,0.911932,0.504548,0.637635,-0.052319,0.952897,0.491366,0.636861,-0.003600,0.911975,0.462977,0.635879,-0.029292,0.940107,0.462297,0.635163,-0.052376,0.504510,0.637572,-0.052146,0.491312,0.636952,-0.003936,0.462981,0.635678,-0.029423,-0.192113,1.234422,-0.418577,-0.239393,1.234730,-0.445601,-0.234657,1.233787,-0.400272,-0.216560,1.234773,-0.437053,0.020026,1.229126,0.154155,-0.027623,1.225273,0.147622,0.007547,1.229653,0.116883,-0.027069,1.225866,0.108090
381,3.175000,-0.023171,-0.000035,-0.040227,-0.998922,-0.220679,1.234420,-0.425371,0.000286,-0.191883,1.234545,-0.418559,0.935293,-0.239534,1.234865,-0.445710,0.940685,-0.234789,1.233752,-0.400113,0.947980,-0.216510,1.234518,-0.437103,0.936124,-0.033444,-0.603289,-0.008260,-0.796778,-0.006781,1.227475,0.131686,0.000236,0.020183,1.229148,0.154309,0.944066,-0.027770,1.225244,0.147698,0.957997,0.007578,1.229638,0.116708,0.956381,-0.027115,1.225872,0.108029,0.980767,-0.010511,-0.709919,-0.031242,-0.703512,0.480270,0.636335,-0.034465,0.000340,0.462207,0.634991,-0.052669,0.911932,0.504547,0.637615,-0.052309,0.952897,0.491355,0.636851,-0.003592,0.911975,0.462971,0.635882,-0.029290,0.940107,0.462301,0.635172,-0.052375,0.504501,0.637549,-0.052143,0.491298,0.636945,-0.003919,0.462980,0.635673,-0.029422,-0.192108,1.234424,-0.418584,-0.239386,1.234715,-0.445583,-0.234661,1.233782,-0.400266,-0.216560,1.234759,-0.437052,0.020035,1.229123,0.154153,-0.027627,1.225274,0.147630,0.007534,1.229651,0.116874,-0.027067,1.225853,0.108086
382,3.183333,-0.023246,-0.000074,-0.040179,-0.998922,-0.220673,1.234421,-0.425373,0.000291,-0.191876,1.234542,-0.418563,0.934807,-0.239530,1.234870,-0.445710,0.937602,-0.234781,1.233750,-0.400113,0.948441,-0.216505,1.234520,-0.437105,0.935824,-0.033547,-0.603272,-0.008239,-0.796787,-0.006780,1.227473,0.131687,0.000237,0.020184,1.229137,0.154311,0.942080,-0.027770,1.225242,0.147698,0.959006,0.007580,1.229635,0.116710,0.957921,-0.027113,1.225875,0.108029,0.981442,-0.010543,-0.709987,-0.031402,-0.703435,0.480276,0.636343,-0.034472,0.000342,0.462209,0.635001,-0.052672,0.912266,0.504549,0.637633,-0.052320,0.952148,0.491367,0.636853,-0.003601,0.912919,0.462977,0.635886,-0.029293,0.939667,0.462311,0.635181,-0.052388,0.504495,0.637567,-0.052149,0.491314,0.636947,-0.003932,0.462983,0.635679,-0.029417,-0.192105,1.234419,-0.418589,-0.239381,1.234717,-0.445581,-0.234651,1.233781,-0.400270,-0.216555,1.234766,-0.437051,0.020021,1.229111,0.154149,-0.027621,1.225273,0.147637,0.007553,1.229650,0.116875,-0.027071,1.225856,0.108087
383,3.191667,-0.023064,0.000136,-0.040242,-0.998924,-0.220687,1.234427,-0.425381,0.000267,-0.191894,1.234553,-0.418559,0.934807,-0.239536,1.234867,-0.445726,0.937602,-0.234806,1.233763,-0.400127,0.948441,-0.216514,1.234522,-0.437111,0.935824,-0.033592,-0.603243,-0.008319,-0.796806,-0.006783,1.227478,0.131691,0.000238,0.020179,1.229140,0.154317,0.942080,-0.027774,1.225243,0.147700,0.959006,0.007577,1.229644,0.116715,0.957921,-0.027115,1.225883,0.108031,0.981442,-0.010481,-0.709996,-0.031421,-0.703427,0.480271,0.636342,-0.034474,0.000347,0.462204,0.634997,-0.052674,0.912266,0.504544,0.637634,-0.052323,0.952148,0.491363,0.636855,-0.003604,0.912919,0.462973,0.635883,-0.029295,0.939667,0.462311,0.635175,-0.052376,0.504493,0.637568,-0.052157,0.491305,0.636947,-0.003938,0.462974,0.635679,-0.029425,-0.192092,1.234431,-0.418584,-0.239408,1.234715,-0.445615,-0.234685,1.233793,-0.400284,-0.216565,1.234766,-0.437040,0.020013,1.229116,0.154156,-0.027625,1.225272,0.147636,0.007554,1.229656,0.116876,-0.027075,1.225866,0.108095
384,3.200000,-0.022941,0.000040,-0.040080,-0.998933,-0.220684,1.234426,-0.425372,0.000280,-0.191889,1.234545,-0.418556,0.941144,-0.239536,1.234868,-0.445714,0.938438,-0.234798,1.233774,-0.400116,0.949207,-0.216513,1.234518,-0.437103,0.936003,-0.033474,-0.603251,-0.008187,-0.796806,-0.006789,1.227473,0.131695,0.000238,0.020174,1.229142,0.154320,0.942128,-0.027780,1.225245,0.147706,0.960570,0.007572,1.229633,0.116718,0.958891,-0.027121,1.225871,0.108036,0.979596,-0.010343,-0.710006,-0.031354,-0.703421,0.480275,0.636338,-0.034468,0.000342,0.462208,0.634986,-0.052667,0.911586,0.504547,0.637627,-0.052318,0.952644,0.491367,0.636861,-0.003598,0.910843,0.462977,0.635879,-0.029288,0.939573,0.462302,0.635167,-0.052378,0.504504,0.637561,-0.052145,0.491309,0.636955,-0.003937,0.462984,0.635670,-0.029411,-0.192089,1.234424,-0.418583,-0.239394,1.234716,-0.445582,-0.234684,1.233804,-0.400281,-0.216569,1.234760,-0.437043,0.020012,1.229115,0.154157,-0.027637,1.225276,0.147646,0.007541,1.229649,0.116879,-0.027071,1.225852,0.108098
385,3.208333,-0.023244,-0.000076,-0.040207,-0.998921,-0.220683,1.234417,-0.425379,0.000268,-0.191886,1.234539,-0.418570,0.941144,-0.239540,1.234866,-0.445716,0.938438,-0.234790,1.233746,-0.400119,0.949207,-0.216515,1.234516,-0.437111,0.936003,-0.033809,-0.603094,-0.009405,-0.796898,-0.006759,1.227504,0.131703,0.000240,0.020191,1.229169,0.154343,0.942128,-0.027754,1.225213,0.147700,0.960570,0.007604,1.229716,0.116737,0.958891,-0.027079,1.225919,0.108032,0.979596,-0.010501,-0.710009,-0.031442,-0.703412,0.480275,0.636343,-0.034469,0.000353,0.462207,0.634999,-0.052669,0.911586,0.504547,0.637636,-0.052319,0.952644,0.491368,0.636854,-0.003599,0.910843,0.462977,0.635884,-0.029290,0.939573,0.462306,0.635175,-0.052371,0.504501,0.637571,-0.052147,0.491302,0.636945,-0.003946,0.462991,0.635681,-0.029413,-0.192092,1.234419,-0.418589,-0.239410,1.234716,-0.445612,-0.234659,1.233775,-0.400271,-0.216571,1.234757,-0.437044,0.020016,1.229112,0.154158,-0.027625,1.225268,0.147649,0.007648,1.229781,0.116912,-0.027075,1.225856,0.108093
386,3.216667,-0.023045,0.000163,-0.040135,-0.998928,-0.220685,1.234424,-0.425376,0.000285,-0.191892,1.234545,-0.418553,0.937855,-0.239532,1.234868,-0.445723,0.937097,-0.234805,1.233765,-0.400123,0.949490,-0.216511,1.234519,-0.437106,0.933612,-0.033775,-0.603085,-0.009271,-0.796908,-0.006765,1.227504,0.131701,0.000244,0.020185,1.229169,0.154341,0.934523,-0.027760,1.225220,0.147698,0.963983,0.007600,1.229711,0.116734,0.951097,-0.027084,1.225918,0.108029,0.975918,-0.010588,-0.709902,-0.031297,-0.703525,0.480267,0.636332,-0.034468,0.000341,0.462204,0.634993,-0.052673,0.910138,0.504545,0.637615,-0.052311,0.954973,0.491351,0.636842,-0.003595,0.912725,0.462967,0.635879,-0.029294,0.940287,0.462305,0.635168,-0.052376,0.504501,0.637551,-0.052148,0.491291,0.636932,-0.003927,0.462970,0.635677,-0.029422,-0.192103,1.234419,-0.418584,-0.239387,1.234710,-0.445591,-0.234688,1.233796,-0.400285,-0.216561,1.234772,-0.437044,0.020013,1.229112,0.154153,-0.027640,1.225275,0.147638,0.007655,1.229777,0.116910,-0.027086,1.225854,0.108102
387,3.225000,-0.023000,0.000121,-0.040160,-0.998928,-0.220683,1.234422,-0.425372,0.000284,-0.191889,1.234545,-0.418551,0.937855,-0.239531,1.234863,-0.445717,0.937097,-0.234801,1.233764,-0.400118,0.949490,-0.216510,1.234516,-0.437102,0.933612,-0.033473,-0.603233,-0.008307,-0.796819,-0.006786,1.227465,0.131694,0.000233,0.020175,1.229136,0.154321,0.934523,-0.027777,1.225232,0.147703,0.963983,0.007575,1.229630,0.116718,0.951097,-0.027116,1.225863,0.108034,0.975918,-0.010483,-0.709905,-0.031327,-0.703523,0.480274,0.636338,-0.034467,0.000343,0.462212,0.634993,-0.052671,0.910138,0.504552,0.637623,-0.052310,0.954973,0.491358,0.636853,-0.003594,0.912725,0.462975,0.635882,-0.029292,0.940287,0.462310,0.635166,-0.052384,0.504505,0.637560,-0.052137,0.491302,0.636942,-0.003932,0.462981,0.635682,-0.029414,-0.192102,1.234422,-0.418578,-0.239390,1.234710,-0.445587,-0.234679,1.233795,-0.400280,-0.216559,1.234760,-0.437042,0.020018,1.229111,0.154160,-0.027640,1.225260,0.147647,0.007540,1.229643,0.116875,-0.027062,1.225847,0.108094
388,3.233333,-0.023185,-0.000025,-0.040370,-0.998916,-0.220679,1.234416,-0.425373,0.000281,-0.191883,1.234549,-0.418560,0.940480,-0.239534,1.234856,-0.445712,0.939248,-0.234789,1.233743,-0.400115,0.949653,-0.216510,1.234516,-0.437105,0.937967,-0.033588,-0.603237,-0.008093,-0.796813,-0.006787,1.227474,0.131693,0.000232,0.020176,1.229134,0.154319,0.942708,-0.027779,1.225252,0.147704,0.961026,0.007574,1.229631,0.116717,0.960200,-0.027119,1.225880,0.108034,0.979967,-0.010614,-0.709899,-0.031523,-0.703518,0.480274,0.636345,-0.034466,0.000349,0.462211,0.635007,-0.052671,0.909309,0.504551,0.637641,-0.052308,0.954830,0.491358,0.636847,-0.003593,0.909758,0.462974,0.635885,-0.029292,0.940616,0.462315,0.635186,-0.052373,0.504506,0.637576,-0.052146,0.491288,0.636939,-0.003935,0.462985,0.635680,-0.029410,-0.192089,1.234432,-0.418587,-0.239388,1.234710,-0.445584,-0.234670,1.233772,-0.400275,-0.216569,1.234749,-0.437046,0.020014,1.229107,0.154159,-0.027639,1.225282,0.147642,0.007554,1.229649,0.116874,-0.027077,1.225859,0.108099
389,3.241667,-0.023171,-0.000119,-0.040328,-0.998918,-0.220676,1.234423,-0.425380,0.000270,-0.191878,1.234554,-0.418572,0.940480,-0.239534,1.234864,-0.445715,0.939248,-0.234781,1.233752,-0.400119,0.949653,-0.216509,1.234522,-0.437112,0.937967,-0.033714,-0.603258,-0.008143,-0.796791,-0.006782,1.227473,0.131688,0.000236,0.020182,1.229124,0.154313,0.942708,-0.027773,1.225247,0.147699,0.961026,0.007579,1.229632,0.116712,0.960200,-0.027115,1.225886,0.108029,0.979967,-0.010503,-0.709874,-0.031322,-0.703554,0.480281,0.636344,-0.034465,0.000345,0.462220,0.635001,-0.052671,0.909309,0.504560,0.637630,-0.052306,0.954830,0.491362,0.636859,-0.003591,0.909758,0.462981,0.635889,-0.029292,0.940616,0.462317,0.635178,-0.052383,0.504510,0.637564,-0.052134,0.491304,0.636951,-0.003927,0.462992,0.635684,-0.029417,-0.192091,1.234431,-0.418590,-0.239404,1.234711,-0.445602,-0.234652,1.233783,-0.400269,-0.216556,1.234768,-0.437057,0.020018,1.229098,0.154152,-0.027626,1.225277,0.147636,0.007555,1.229648,0.116873,-0.027075,1.225867,0.108091
390,3.250000,-0.023251,-0.000002,-0.040276,-0.998918,-0.220679,1.234417,-0.425370,0.000284,-0.191883,1.234544,-0.418556,0.937897,-0.239533,1.234864,-0.445710,0.939317,-0.234790,1.233744,-0.400112,0.949088,-0.216509,1.234518,-0.437101,0.936435,-0.033577,-0.603295,-0.008192,-0.796769,-0.006789,1.227469,0.131695,0.000235,0.020177,1.229131,0.154317,0.941886,-0.027778,1.225241,0.147708,0.961883,0.007570,1.229630,0.116717,0.957901,-0.027124,1.225874,0.108038,0.980205,-0.010439,-0.709930,-0.031387,-0.703495,0.480276,0.636343,-0.034460,0.000349,0.462213,0.634996,-0.052663,0.911461,0.504552,0.637633,-0.052304,0.952720,0.491362,0.636859,-0.003587,0.912748,0.462977,0.635884,-0.029284,0.940256,0.462313,0.635171,-0.052372,0.504497,0.637569,-0.052135,0.491302,0.636950,-0.003919,0.462993,0.635683,-0.029412,-0.192099,1.234423,-0.418583,-0.239387,1.234714,-0.445587,-0.234665,1.233774,-0.400270,-0.216565,1.234758,-0.437041,0.020017,1.229104,0.154150,-0.027639,1.225272,0.147651,0.007542,1.229648,0.116882,-0.027074,1.225853,0.108096
391,3.258333,-0.023294,-0.000092,-0.040236,-0.998919,-0.220686,1.234419,-0.425374,0.000272,-0.191889,1.234542,-0.418565,0.938426,-0.239543,1.234868,-0.445710,0.942246,-0.234792,1.233744,-0.400113,0.950941,-0.216518,1.234520,-0.437106,0.935399,-0.033449,-0.603278,-0.008221,-0.796787,-0.006788,1.227468,0.131696,0.000242,0.020176,1.229139,0.154319,0.942618,-0.027777,1.225239,0.147708,0.958074,0.007572,1.229629,0.116718,0.960117,-0.027121,1.225865,0.108038,0.978239,-0.010371,-0.709911,-0.031321,-0.703519,0.480274,0.636339,-0.034466,0.000344,0.462212,0.634988,-0.052670,0.911935,0.504552,0.637625,-0.052309,0.950911,0.491358,0.636861,-0.003593,0.910811,0.462975,0.635881,-0.029291,0.938764,0.462302,0.635168,-0.052381,0.504507,0.637559,-0.052129,0.491306,0.636955,-0.003933,0.462983,0.635672,-0.029419,-0.192101,1.234421,-0.418590,-0.239402,1.234717,-0.445607,-0.234662,1.233774,-0.400257,-0.216577,1.234763,-0.437040,0.020011,1.229112,0.154162,-0.027628,1.225270,0.147637,0.007544,1.229646,0.116874,-0.027077,1.225844,0.108110
392,3.266667,-0.023349,-0.000000,-0.040163,-0.998920,-0.220681,1.234426,-0.425366,0.000271,-0.191885,1.234545,-0.418553,0.938426,-0.239535,1.234881,-0.445706,0.942246,-0.234792,1.233751,-0.400109,0.950941,-0.216511,1.234528,-0.437098,0.935399,-0.033452,-0.603273,-0.008191,-0.796790,-0.006785,1.227475,0.131693,0.000236,0.020179,1.229145,0.154317,0.942618,-0.027774,1.225247,0.147705,0.958074,0.007575,1.229635,0.116716,0.960117,-0.027118,1.225872,0.108035,0.978239,-0.010419,-0.709973,-0.031298,-0.703456,0.480279,0.636348,-0.034466,0.000340,0.462213,0.635000,-0.052667,0.911935,0.504553,0.637632,-0.052313,0.950911,0.491369,0.636868,-0.003595,0.910811,0.462980,0.635891,-0.029288,0.938764,0.462300,0.635176,-0.052372,0.504515,0.637568,-0.052138,0.491316,0.636960,-0.003932,0.462985,0.635687,-0.029421,-0.192095,1.234422,-0.418575,-0.239402,1.234728,-0.445600,-0.234662,1.233781,-0.400259,-0.216564,1.234773,-0.437031,0.020021,1.229126,0.154155,-0.027638,1.225271,0.147640,0.007548,1.229642,0.116873,-0.027070,1.225861,0.108104
393,3.275000,-0.023236,0.000053,-0.040313,-0.998917,-0.220669,1.234425,-0.425370,0.000282,-0.191874,1.234554,-0.418553,0.936940,-0.239521,1.234870,-0.445712,0.938851,-0.234783,1.233752,-0.400114,0.949987,-0.216498,1.234526,-0.437101,0.935067,-0.033635,-0.603259,-0.008362,-0.796792,-0.006786,1.227472,0.131693,0.000230,0.020176,1.229133,0.154318,0.944433,-0.027777,1.225236,0.147703,0.960331,0.007574,1.229641,0.116717,0.960114,-0.027119,1.225880,0.108033,0.981834,-0.010465,-0.709874,-0.031307,-0.703554,0.480279,0.636350,-0.034467,0.000343,0.462219,0.635004,-0.052673,0.912148,0.504559,0.637634,-0.052308,0.952584,0.491361,0.636867,-0.003593,0.912741,0.462979,0.635894,-0.029294,0.939213,0.462317,0.635186,-0.052389,0.504506,0.637568,-0.052139,0.491302,0.636961,-0.003924,0.462993,0.635685,-0.029417,-0.192092,1.234430,-0.418579,-0.239375,1.234716,-0.445590,-0.234658,1.233782,-0.400266,-0.216551,1.234774,-0.437043,0.020018,1.229114,0.154163,-0.027632,1.225259,0.147643,0.007544,1.229646,0.116873,-0.027076,1.225870,0.108091
394,3.283333,-0.022994,0.000189,-0.040100,-0.998931,-0.220687,1.234434,-0.425373,0.000271,-0.191894,1.234553,-0.418548,0.936940,-0.239533,1.234877,-0.445720,0.938851,-0.234809,1.233778,-0.400120,0.949987,-0.216513,1.234527,-0.437103,0.935067,-0.033540,-0.603240,-0.008164,-0.796812,-0.006780,1.227472,0.131698,0.000239,0.020182,1.229136,0.154324,0.944433,-0.027772,1.225246,0.147708,0.960331,0.007581,1.229631,0.116722,0.960114,-0.027112,1.225874,0.108038,0.981834,-0.010436,-0.709968,-0.031397,-0.703457,0.480278,0.636344,-0.034462,0.000334,0.462213,0.634997,-0.052663,0.912148,0.504552,0.637635,-0.052309,0.952584,0.491367,0.636861,-0.003590,0.912741,0.462980,0.635885,-0.029284,0.939213,0.462314,0.635175,-0.052374,0.504512,0.637570,-0.052140,0.491318,0.636953,-0.003924,0.462969,0.635679,-0.029407,-0.192093,1.234429,-0.418574,-0.239402,1.234722,-0.445603,-0.234689,1.233809,-0.400281,-0.216565,1.234775,-0.437034,0.020013,1.229115,0.154167,-0.027614,1.225271,0.147647,0.007551,1.229637,0.116881,-0.027070,1.225863,0.108097
395,3.291667,-0.023393,0.000072,-0.040219,-0.998917,-0.220672,1.234432,-0.425366,0.000286,-0.191877,1.234553,-0.418548,0.935995,-0.239523,1.234886,-0.445708,0.937213,-0.234787,1.233752,-0.400110,0.951204,-0.216500,1.234535,-0.437096,0.935923,-0.033647,-0.603326,-0.008280,-0.796741,-0.006780,1.227470,0.131692,0.000234,0.020187,1.229128,0.154312,0.943646,-0.027768,1.225237,0.147706,0.960104,0.007577,1.229635,0.116713,0.959611,-0.027117,1.225879,0.108036,0.981610,-0.010219,-0.710003,-0.031535,-0.703418,0.480281,0.636335,-0.034460,0.000339,0.462215,0.634977,-0.052660,0.912186,0.504553,0.637636,-0.052309,0.952642,0.491373,0.636861,-0.003590,0.912284,0.462983,0.635868,-0.029281,0.940086,0.462300,0.635149,-0.052365,0.504515,0.637574,-0.052135,0.491320,0.636950,-0.003925,0.462989,0.635670,-0.029415,-0.192100,1.234431,-0.418578,-0.239366,1.234734,-0.445584,-0.234662,1.233782,-0.400257,-0.216559,1.234779,-0.437043,0.020026,1.229111,0.154155,-0.027621,1.225260,0.147647,0.007546,1.229638,0.116872,-0.027072,1.225870,0.108093
396,3.300000,-0.023503,0.000065,-0.040189,-0.998916,-0.220677,1.234438,-0.425368,0.000276,-0.191882,1.234555,-0.418551,0.935995,-0.239529,1.234898,-0.445709,0.937213,-0.234791,1.233754,-0.400112,0.951204,-0.216506,1.234543,-0.437099,0.935923,-0.033599,-0.603265,-0.008340,-0.796789,-0.006786,1.227476,0.131695,0.000245,0.020177,1.229138,0.154320,0.943646,-0.027776,1.225240,0.147706,0.960104,0.007573,1.229643,0.116719,0.959611,-0.027119,1.225881,0.108036,0.981610,-0.010305,-0.709947,-0.031398,-0.703479,0.480272,0.636338,-0.034460,0.000340,0.462209,0.634984,-0.052662,0.912186,0.504548,0.637629,-0.052306,0.952642,0.491360,0.636861,-0.003588,0.912284,0.462974,0.635876,-0.029284,0.940086,0.462298,0.635160,-0.052373,0.504510,0.637565,-0.052134,0.491301,0.636953,-0.003928,0.462981,0.635672,-0.029406,-0.192104,1.234434,-0.418573,-0.239389,1.234747,-0.445605,-0.234656,1.233784,-0.400256,-0.216559,1.234786,-0.437036,0.020017,1.229122,0.154158,-0.027636,1.225262,0.147628,0.007544,1.229645,0.116879,-0.027071,1.225874,0.108116
397,3.308333,-0.023419,0.000047,-0.040228,-0.998916,-0.220670,1.234443,-0.425363,0.000282,-0.191875,1.234564,-0.418547,0.938531,-0.239523,1.234898,-0.445705,0.938635,-0.234784,1.233762,-0.400107,0.949819,-0.216500,1.234547,-0.437094,0.935287,-0.033543,-0.603232,-0.008415,-0.796816,-0.006788,1.227473,0.131699,0.000228,0.020173,1.229140,0.154327,0.946136,-0.027779,1.225233,0.147708,0.962949,0.007573,1.229643,0.116724,0.959226,-0.027118,1.225875,0.108038,0.981122,-0.010197,-0.709930,-0.031434,-0.703497,0.480280,0.636344,-0.034460,0.000331,0.462217,0.634984,-0.052664,0.913441,0.504556,0.637639,-0.052305,0.953812,0.491365,0.636873,-0.003588,0.913749,0.462981,0.635880,-0.029285,0.940124,0.462312,0.635164,-0.052383,0.504513,0.637573,-0.052138,0.491312,0.636967,-0.003916,0.462982,0.635672,-0.029405,-0.192086,1.234442,-0.418576,-0.239377,1.234745,-0.445580,-0.234663,1.233793,-0.400264,-0.216556,1.234792,-0.437033,0.020025,1.229131,0.154170,-0.027645,1.225249,0.147646,0.007540,1.229635,0.116884,-0.027071,1.225875,0.108097
398,3.316667,-0.023070,0.000173,-0.040226,-0.998924,-0.220682,1.234447,-0.425369,0.000264,-0.191889,1.234572,-0.418545,0.938531,-0.239529,1.234888,-0.445716,0.938635,-0.234803,1.233783,-0.400116,0.949819,-0.216508,1.234542,-0.437099,0.935287,-0.033587,-0.603296,-0.008383,-0.796766,-0.006784,1.227475,0.131698,0.000229,0.020181,1.229140,0.154321,0.946136,-0.027772,1.225238,0.147710,0.962949,0.007575,1.229644,0.116720,0.959226,-0.027118,1.225880,0.108040,0.981122,-0.010175,-0.710010,-0.031440,-0.703415,0.480283,0.636350,-0.034464,0.000337,0.462216,0.634989,-0.052663,0.913441,0.504555,0.637645,-0.052314,0.953812,0.491375,0.636880,-0.003594,0.913749,0.462985,0.635884,-0.029284,0.940124,0.462313,0.635169,-0.052372,0.504513,0.637579,-0.052146,0.491321,0.636973,-0.003927,0.462984,0.635677,-0.029410,-0.192081,1.234452,-0.418575,-0.239403,1.234739,-0.445594,-0.234694,1.233813,-0.400275,-0.216551,1.234782,-0.437031,0.020030,1.229129,0.154176,-0.027633,1.225254,0.147636,0.007543,1.229639,0.116867,-0.027076,1.225879,0.108111
399,3.325000,-0.023501,0.000049,-0.040241,-0.998914,-0.220679,1.234447,-0.425366,0.000278,-0.191884,1.234568,-0.418550,0.937805,-0.239532,1.234905,-0.445707,0.940717,-0.234793,1.233762,-0.400110,0.948531,-0.216509,1.234553,-0.437097,0.933543,-0.033480,-0.603365,-0.008325,-0.796719,-0.006784,1.227476,0.131698,0.000229,0.020185,1.229146,0.154316,0.944532,-0.027769,1.225241,0.147715,0.963816,0.007572,1.229642,0.116718,0.963969,-0.027122,1.225874,0.108045,0.976972,-0.010112,-0.709990,-0.031512,-0.703434,0.480274,0.636339,-0.034462,0.000341,0.462209,0.634975,-0.052662,0.910915,0.504547,0.637640,-0.052311,0.952375,0.491364,0.636871,-0.003592,0.912054,0.462976,0.635871,-0.029284,0.937645,0.462302,0.635160,-0.052372,0.504502,0.637572,-0.052138,0.491310,0.636968,-0.003925,0.462982,0.635657,-0.029412,-0.192098,1.234442,-0.418573,-0.239392,1.234749,-0.445596,-0.234661,1.233793,-0.400265,-0.216566,1.234804,-0.437031,0.020027,1.229131,0.154161,-0.027642,1.225260,0.147649,0.007553,1.229644,0.116861,-0.027073,1.225868,0.108123
400,3.333333,-0.023488,-0.000056,-0.040247,-0.998914,-0.220669,1.234449,-0.425360,0.000269,-0.191873,1.234570,-0.418550,0.937805,-0.239526,1.234906,-0.445697,0.940717,-0.234777,1.233764,-0.400101,0.948531,-0.216501,1.234554,-0.437092,0.933543,-0.033529,-0.603282,-0.008463,-0.796778,-0.006787,1.227476,0.131700,0.000235,0.020177,1.229146,0.154324,0.944532,-0.027776,1.225234,0.147711,0.963816,0.007572,1.229648,0.116723,0.963969,-0.027120,1.225877,0.108042,0.976972,-0.010115,-0.709826,-0.031431,-0.703603,0.480277,0.636355,-0.034466,0.000333,0.462220,0.634992,-0.052674,0.910915,0.504558,0.637650,-0.052303,0.952375,0.491352,0.636889,-0.003590,0.912054,0.462976,0.635890,-0.029296,0.937645,0.462306,0.635170,-0.052390,0.504514,0.637585,-0.052130,0.491304,0.636982,-0.003914,0.462982,0.635683,-0.029428,-0.192082,1.234446,-0.418574,-0.239391,1.234751,-0.445592,-0.234650,1.233794,-0.400248,-0.216554,1.234802,-0.437027,0.020017,1.229132,0.154172,-0.027632,1.225253,0.147646,0.007540,1.229645,0.116872,-0.027072,1.225874,0.108109
401,3.341667,-0.023244,0.000180,-0.040032,-0.998928,-0.220673,1.234456,-0.425362,0.000281,-0.191880,1.234568,-0.418538,0.939315,-0.239520,1.234912,-0.445708,0.934997,-0.234794,1.233790,-0.400109,0.952544,-0.216499,1.234554,-0.437092,0.934069,-0.033525,-0.603324,-0.008509,-0.796746,-0.006780,1.227477,0.131698,0.000239,0.020186,1.229147,0.154320,0.946091,-0.027767,1.225232,0.147712,0.959397,0.007577,1.229651,0.116720,0.960369,-0.027115,1.225877,0.108042,0.977924,-0.010086,-0.709936,-0.031504,-0.703489,0.480278,0.636346,-0.034465,0.000341,0.462216,0.634981,-0.052668,0.912227,0.504553,0.637646,-0.052309,0.950222,0.491363,0.636880,-0.003592,0.911940,0.462979,0.635877,-0.029289,0.938363,0.462309,0.635161,-0.052381,0.504505,0.637580,-0.052128,0.491319,0.636974,-0.003929,0.462978,0.635669,-0.029420,-0.192084,1.234443,-0.418575,-0.239365,1.234755,-0.445571,-0.234689,1.233820,-0.400264,-0.216555,1.234806,-0.437036,0.020033,1.229138,0.154168,-0.027625,1.225248,0.147634,0.007541,1.229643,0.116875,-0.027068,1.225878,0.108117
402,3.350000,-0.023028,0.000192,-0.040067,-0.998932,-0.220680,1.234457,-0.425358,0.000276,-0.191887,1.234574,-0.418533,0.939315,-0.239526,1.234903,-0.445706,0.934997,-0.234802,1.233800,-0.400106,0.952544,-0.216506,1.234550,-0.437088,0.934069,-0.033530,-0.603323,-0.008225,-0.796749,-0.006785,1.227481,0.131700,0.000237,0.020182,1.229147,0.154320,0.946091,-0.027773,1.225252,0.147714,0.959397,0.007573,1.229643,0.116721,0.960369,-0.027121,1.225883,0.108044,0.977924,-0.009958,-0.709935,-0.031414,-0.703496,0.480279,0.636353,-0.034462,0.000339,0.462217,0.634982,-0.052665,0.912227,0.504555,0.637649,-0.052307,0.950222,0.491364,0.636897,-0.003590,0.911940,0.462980,0.635885,-0.029287,0.938363,0.462305,0.635166,-0.052372,0.504512,0.637582,-0.052125,0.491322,0.636994,-0.003924,0.462977,0.635671,-0.029427,-0.192085,1.234450,-0.418561,-0.239387,1.234747,-0.445584,-0.234684,1.233831,-0.400268,-0.216565,1.234800,-0.437020,0.020023,1.229134,0.154170,-0.027624,1.225271,0.147648,0.007533,1.229640,0.116872,-0.027071,1.225881,0.108108
403,3.358333,-0.023398,0.000091,-0.040270,-0.998915,-0.220671,1.234451,-0.425363,0.000272,-0.191876,1.234575,-0.418544,0.940113,-0.239521,1.234904,-0.445706,0.941751,-0.234787,1.233770,-0.400108,0.950862,-0.216499,1.234555,-0.437093,0.935539,-0.033554,-0.603274,-0.008325,-0.796784,-0.006783,1.227481,0.131695,0.000239,0.020181,1.229146,0.154319,0.945367,-0.027772,1.225246,0.147707,0.959670,0.007576,1.229647,0.116719,0.960776,-0.027116,1.225883,0.108037,0.977793,-0.010356,-0.709845,-0.031768,-0.703565,0.480274,0.636340,-0.034464,0.000341,0.462216,0.634989,-0.052672,0.912144,0.504554,0.637653,-0.052302,0.953671,0.491353,0.636850,-0.003589,0.913339,0.462974,0.635868,-0.029293,0.941044,0.462304,0.635157,-0.052376,0.504511,0.637592,-0.052133,0.491295,0.636937,-0.003920,0.462986,0.635675,-0.029428,-0.192081,1.234453,-0.418573,-0.239385,1.234752,-0.445593,-0.234666,1.233800,-0.400260,-0.216552,1.234797,-0.437024,0.020025,1.229136,0.154166,-0.027631,1.225263,0.147630,0.007544,1.229641,0.116872,-0.027070,1.225883,0.108113
404,3.366667,-0.023475,0.000088,-0.040349,-0.998910,-0.220673,1.234453,-0.425361,0.000271,-0.191878,1.234580,-0.418542,0.940113,-0.239523,1.234906,-0.445704,0.941751,-0.234788,1.233766,-0.400106,0.950862,-0.216501,1.234559,-0.437092,0.935539,-0.033557,-0.603241,-0.008407,-0.796808,-0.006783,1.227477,0.131700,0.000234,0.020178,1.229144,0.154326,0.945367,-0.027774,1.225238,0.147709,0.959670,0.007577,1.229647,0.116724,0.960776,-0.027114,1.225880,0.108039,0.977793,-0.010123,-0.709830,-0.031591,-0.703592,0.480287,0.636354,-0.034462,0.000334,0.462231,0.634991,-0.052670,0.912144,0.504568,0.637659,-0.052299,0.953671,0.491364,0.636883,-0.003586,0.913339,0.462987,0.635884,-0.029292,0.941044,0.462323,0.635172,-0.052388,0.504522,0.637593,-0.052125,0.491318,0.636978,-0.003914,0.462987,0.635675,-0.029420,-0.192086,1.234453,-0.418572,-0.239386,1.234747,-0.445596,-0.234666,1.233797,-0.400254,-0.216553,1.234814,-0.437022,0.020025,1.229134,0.154177,-0.027633,1.225254,0.147638,0.007540,1.229640,0.116875,-0.027066,1.225881,0.108108
405,3.375000,-0.023447,0.000128,-0.040248,-0.998915,-0.220668,1.234456,-0.425352,0.000291,-0.191874,1.234577,-0.418531,0.937419,-0.239518,1.234912,-0.445696,0.937171,-0.234786,1.233773,-0.400098,0.948516,-0.216496,1.234560,-0.437082,0.934315,-0.033453,-0.603250,-0.008359,-0.796807,-0.006783,1.227482,0.131696,0.000228,0.020179,1.229155,0.154322,0.946470,-0.027773,1.225245,0.147707,0.961928,0.007577,1.229649,0.116720,0.962728,-0.027114,1.225878,0.108037,0.979250,-0.010138,-0.709898,-0.031637,-0.703521,0.480277,0.636345,-0.034454,0.000332,0.462217,0.634983,-0.052659,0.913366,0.504554,0.637652,-0.052296,0.952938,0.491359,0.636872,-0.003580,0.917654,0.462978,0.635873,-0.029280,0.937945,0.462309,0.635162,-0.052377,0.504500,0.637587,-0.052128,0.491313,0.636965,-0.003893,0.462987,0.635667,-0.029418,-0.192091,1.234455,-0.418561,-0.239361,1.234758,-0.445573,-0.234659,1.233803,-0.400257,-0.216563,1.234806,-0.437016,0.020025,1.229146,0.154173,-0.027638,1.225259,0.147639,0.007551,1.229641,0.116867,-0.027071,1.225880,0.108107
406,3.383333,-0.023407,-0.000023,-0.040171,-0.998919,-0.220674,1.234452,-0.425361,0.000277,-0.191878,1.234571,-0.418549,0.936990,-0.239529,1.234909,-0.445699,0.940017,-0.234784,1.233774,-0.400102,0.950142,-0.216505,1.234555,-0.437092,0.933683,-0.033534,-0.603235,-0.008452,-0.796814,-0.006785,1.227480,0.131697,0.000227,0.020176,1.229149,0.154324,0.947857,-0.027776,1.225239,0.147706,0.961057,0.007575,1.229652,0.116722,0.963133,-0.027115,1.225881,0.108036,0.979322,-0.010202,-0.709927,-0.031547,-0.703494,0.480283,0.636354,-0.034464,0.000336,0.462221,0.634995,-0.052668,0.912894,0.504559,0.637655,-0.052309,0.951974,0.491369,0.636880,-0.003592,0.913790,0.462985,0.635886,-0.029289,0.938628,0.462323,0.635180,-0.052391,0.504505,0.637587,-0.052137,0.491320,0.636976,-0.003919,0.462985,0.635672,-0.029410,-0.192094,1.234444,-0.418576,-0.239390,1.234751,-0.445583,-0.234659,1.233805,-0.400255,-0.216552,1.234809,-0.437029,0.020024,1.229145,0.154181,-0.027637,1.225250,0.147636,0.007543,1.229638,0.116865,-0.027071,1.225889,0.108105
407,3.391667,-0.023572,0.000003,-0.040227,-0.998913,-0.220666,1.234462,-0.425356,0.000290,-0.191870,1.234581,-0.418543,0.936990,-0.239520,1.234924,-0.445695,0.940017,-0.234777,1.233774,-0.400099,0.950142,-0.216496,1.234570,-0.437087,0.933683,-0.033569,-0.603247,-0.008392,-0.796804,-0.006782,1.227477,0.131700,0.000235,0.020180,1.229143,0.154326,0.947857,-0.027773,1.225239,0.147709,0.961057,0.007578,1.229647,0.116724,0.963133,-0.027113,1.225881,0.108039,0.979322,-0.010391,-0.709843,-0.031534,-0.703578,0.480278,0.636344,-0.034456,0.000326,0.462220,0.634995,-0.052664,0.912894,0.504559,0.637643,-0.052294,0.951974,0.491357,0.636859,-0.003581,0.913790,0.462978,0.635880,-0.029285,0.938628,0.462302,0.635167,-0.052383,0.504518,0.637580,-0.052126,0.491308,0.636949,-0.003898,0.462986,0.635681,-0.029417,-0.192087,1.234456,-0.418565,-0.239371,1.234768,-0.445567,-0.234647,1.233805,-0.400262,-0.216557,1.234819,-0.437030,0.020025,1.229133,0.154177,-0.027634,1.225255,0.147635,0.007546,1.229640,0.116871,-0.027066,1.225882,0.108115
408,3.400000,-0.023116,0.000160,-0.040170,-0.998925,-0.220677,1.234461,-0.425358,0.000262,-0.191883,1.234583,-0.418535,0.943168,-0.239524,1.234907,-0.445705,0.940328,-0.234797,1.233797,-0.400105,0.952375,-0.216503,1.234558,-0.437089,0.932905,-0.033588,-0.603294,-0.008263,-0.796769,-0.006782,1.227477,0.131700,0.000238,0.020183,1.229139,0.154322,0.944133,-0.027771,1.225245,0.147712,0.962510,0.007576,1.229641,0.116722,0.961878,-0.027117,1.225882,0.108042,0.976180,-0.010185,-0.709831,-0.031722,-0.703583,0.480279,0.636346,-0.034467,0.000346,0.462222,0.634986,-0.052675,0.911492,0.504559,0.637658,-0.052304,0.951123,0.491355,0.636867,-0.003591,0.911788,0.462978,0.635872,-0.029296,0.938471,0.462317,0.635168,-0.052387,0.504507,0.637591,-0.052128,0.491302,0.636962,-0.003927,0.462989,0.635663,-0.029426,-0.192070,1.234456,-0.418565,-0.239389,1.234748,-0.445587,-0.234688,1.233828,-0.400259,-0.216560,1.234812,-0.437023,0.020026,1.229128,0.154164,-0.027639,1.225262,0.147644,0.007546,1.229636,0.116871,-0.027062,1.225882,0.108120
409,3.408333,-0.023435,0.000110,-0.040300,-0.998913,-0.220666,1.234452,-0.425357,0.000285,-0.191871,1.234577,-0.418538,0.943168,-0.239516,1.234905,-0.445701,0.940328,-0.234782,1.233768,-0.400103,0.952375,-0.216494,1.234557,-0.437088,0.932905,-0.033376,-0.603309,-0.008496,-0.796764,-0.006790,1.227477,0.131692,0.000238,0.020174,1.229158,0.154314,0.944133,-0.027777,1.225234,0.147705,0.962510,0.007567,1.229650,0.116714,0.961878,-0.027124,1.225868,0.108035,0.976180,-0.010027,-0.709966,-0.031600,-0.703456,0.480275,0.636341,-0.034467,0.000330,0.462212,0.634973,-0.052668,0.911492,0.504549,0.637648,-0.052313,0.951123,0.491363,0.636876,-0.003595,0.911788,0.462977,0.635869,-0.029290,0.938471,0.462301,0.635158,-0.052388,0.504506,0.637580,-0.052132,0.491327,0.636973,-0.003925,0.462967,0.635654,-0.029421,-0.192089,1.234457,-0.418569,-0.239359,1.234756,-0.445576,-0.234662,1.233798,-0.400253,-0.216553,1.234796,-0.437032,0.020023,1.229151,0.154165,-0.027637,1.225247,0.147625,0.007532,1.229639,0.116866,-0.027078,1.225872,0.108111
410,3.416667,-0.023401,0.000026,-0.040204,-0.998917,-0.220671,1.234453,-0.425364,0.000270,-0.191875,1.234573,-0.418550,0.938290,-0.239524,1.234908,-0.445705,0.942284,-0.234783,1.233774,-0.400108,0.950375,-0.216500,1.234556,-0.437096,0.934837,-0.033512,-0.603238,-0.008345,-0.796813,-0.006786,1.227483,0.131699,0.000237,0.020175,1.229152,0.154325,0.946132,-0.027777,1.225248,0.147708,0.959946,0.007575,1.229650,0.116723,0.960087,-0.027117,1.225883,0.108038,0.978055,-0.009919,-0.709907,-0.031651,-0.703514,0.480277,0.636343,-0.034463,0.000334,0.462217,0.634969,-0.052668,0.910602,0.504553,0.637653,-0.052306,0.952572,0.491359,0.636882,-0.003590,0.915625,0.462977,0.635867,-0.029289,0.936357,0.462302,0.635147,-0.052369,0.504512,0.637589,-0.052132,0.491316,0.636975,-0.003912,0.462975,0.635661,-0.029439,-0.192087,1.234449,-0.418572,-0.239390,1.234754,-0.445597,-0.234655,1.233804,-0.400256,-0.216550,1.234804,-0.437032,0.020024,1.229144,0.154172,-0.027638,1.225262,0.147629,0.007543,1.229641,0.116879,-0.027073,1.225886,0.108114
411,3.425000,-0.023464,0.000075,-0.040178,-0.998917,-0.220661,1.234453,-0.425359,0.000285,-0.191866,1.234570,-0.418542,0.938290,-0.239513,1.234912,-0.445702,0.942284,-0.234776,1.233771,-0.400104,0.950375,-0.216490,1.234557,-0.437090,0.934837,-0.033453,-0.603263,-0.008449,-0.796795,-0.006788,1.227474,0.131694,0.000238,0.020174,1.229149,0.154319,0.946132,-0.027777,1.225233,0.147704,0.959946,0.007572,1.229645,0.116717,0.960087,-0.027119,1.225871,0.108034,0.978055,-0.010102,-0.709943,-0.031244,-0.703493,0.480281,0.636351,-0.034462,0.000344,0.462218,0.634986,-0.052665,0.910602,0.504556,0.637635,-0.052308,0.952572,0.491367,0.636891,-0.003591,0.915625,0.462982,0.635891,-0.029286,0.936357,0.462307,0.635166,-0.052375,0.504504,0.637569,-0.052123,0.491326,0.636985,-0.003921,0.462986,0.635683,-0.029431,-0.192092,1.234442,-0.418572,-0.239363,1.234751,-0.445566,-0.234658,1.233803,-0.400255,-0.216532,1.234815,-0.437045,0.020019,1.229139,0.154167,-0.027637,1.225249,0.147629,0.007541,1.229638,0.116869,-0.027073,1.225871,0.108110
412,3.433333,-0.023429,-0.000020,-0.040153,-0.998919,-0.220671,1.234454,-0.425361,0.000270,-0.191875,1.234571,-0.418549,0.940897,-0.239526,1.234912,-0.445700,0.942574,-0.234781,1.233775,-0.400103,0.949792,-0.216502,1.234558,-0.437093,0.934474,-0.033545,-0.603259,-0.008490,-0.796794,-0.006787,1.227480,0.131698,0.000229,0.020175,1.229149,0.154323,0.947655,-0.027777,1.225237,0.147707,0.961449,0.007572,1.229653,0.116722,0.962287,-0.027119,1.225882,0.108038,0.978298,-0.010164,-0.709892,-0.031651,-0.703526,0.480270,0.636350,-0.034463,0.000337,0.462210,0.634989,-0.052668,0.912156,0.504548,0.637658,-0.052304,0.953321,0.491352,0.636875,-0.003589,0.913635,0.462971,0.635878,-0.029289,0.939252,0.462299,0.635166,-0.052378,0.504505,0.637594,-0.052134,0.491298,0.636967,-0.003918,0.462980,0.635674,-0.029421,-0.192075,1.234449,-0.418575,-0.239391,1.234760,-0.445594,-0.234656,1.233805,-0.400258,-0.216561,1.234802,-0.437019,0.020027,1.229139,0.154176,-0.027644,1.225253,0.147631,0.007545,1.229648,0.116870,-0.027076,1.225882,0.108114
